   10.4148989       9.34844303       2.91327238       1.49878919       5.64966297    
   4.75491524       4.30473185       1.45602250      0.401532024       1.55695152    
   2.86067295       2.60343814      0.923523486      0.974930704       3.03288150    
   6.61494684       5.91528893       1.77400756      0.477851570       1.98511040    
   1.87109804       1.63997173      0.389832914      0.299251944       1.24977517    
   1.89027774       1.69034183      0.494329810      0.438458055       1.69189775    
  0.956548989      0.875953436      0.332654119      0.456001550       1.16032839    
  0.941817880      0.836345494      0.226460487      0.301125020      0.981383085    
  0.933360457      0.814153075      0.181104556      0.286457539       1.14357579    
  0.940563440      0.833028674      0.219103992      0.149362922      0.632549882    
  0.956477523      0.875758350      0.332038939       8.43419582E-02  0.304656267    
   1.87539709       1.65181339      0.427071214      0.170689031      0.823184848    
  0.943849742      0.841736376      0.238880932      0.382437885       1.37774777    
  0.950787485      0.860317290      0.286408335      0.496521086       1.61475170    
  0.958981752      0.882612109      0.354261994      0.437362015       1.43687224    
   10.4148989       9.34844303       2.91327238       1.49878919       5.64966297    
  0.956750512      0.876503646      0.334394336      0.202381343      0.784774303    
  0.953281343      0.867062271      0.305612743      0.637095392       1.92595148    
  0.952518582      0.864995480      0.299611241      0.282067418       1.02490580    
  0.928750932      0.802224278      0.160198167      0.164440423      0.731408536    
   1.89230847       1.69575667      0.507519484      0.450749278       1.72664177    
   0.00000000       0.00000000       0.00000000       0.00000000       0.00000000    
   0.00000000       0.00000000       0.00000000       0.00000000       0.00000000    
  0.933360457      0.814153075      0.181104556      0.286457539       1.14357579    
   4.74899960       4.28879309       1.41232479      0.362070560       1.43629098    
  0.958615184      0.881606460      0.350921482       7.95207918E-02  0.292949587    
   1.90276098       1.72384620      0.582090735      0.155980229      0.722402513    
   2.84801626       2.56937122      0.831355333      0.597929537       2.19534349    
   1.89860868       1.71265697      0.551479101      0.571627617       1.96981800    
   4.76317310       4.32673264       1.50905013      0.713462174       2.39818501    
   10.4148989       9.34844303       2.91327238       1.49878919       5.64966297    
  0.956750512      0.876503646      0.334394336      0.202381343      0.784774303    
  0.953281343      0.867062271      0.305612743      0.637095392       1.92595148    
   1.87790990       1.65859890      0.446052194      0.323349774       1.26324832    
  0.928750932      0.802224278      0.160198167      0.164440423      0.731408536    
  0.946049690      0.847599208      0.253065437      0.371612430       1.36405385    
  0.955602348      0.873371482      0.324592650      0.388055474       1.00579655    
  0.952977777      0.866239369      0.303210735      0.344216019       1.09397149    
  0.933360457      0.814153075      0.181104556      0.286457539       1.14357579    
   1.89206862       1.69528377      0.510917783      0.210205168      0.877637267    
   0.00000000       0.00000000       0.00000000       0.00000000       0.00000000    
   5.67550707       5.08537626       1.56534791      0.352261066       1.55517137    
   1.89595962       1.70562601      0.535323977      0.505580187       1.87166286    
   2.83738375       2.54097271      0.760491848      0.604000092       2.13070607    
   4.76317310       4.32673264       1.50905013      0.713462174       2.39818501    
   2.86255026       2.60856152      0.939618349      0.744345665       2.57491970    
   4.75491524       4.30473185       1.45602250      0.401532024       1.55695152    
   5.71954012       5.20203733       1.83467817       1.13245153       3.61510062    
   6.61494684       5.91528893       1.77400756      0.477851570       1.98511040    
   1.89723372       1.70917010      0.548256993      0.240786746       1.02167118    
   1.89343643       1.69880688      0.516116500      0.182556719      0.868749261    
  0.956548989      0.875953436      0.332654119      0.456001550       1.16032839    
  0.941817880      0.836345494      0.226460487      0.301125020      0.981383085    
  0.954772532      0.871112227      0.317680329      0.158114463      0.661084414    
   0.00000000       0.00000000       0.00000000       0.00000000       0.00000000    
  0.956477523      0.875758350      0.332038939       8.43419582E-02  0.304656267    
  0.925391316      0.793603361      0.146440968       9.21774060E-02  0.457367688    
   0.00000000       0.00000000       0.00000000       0.00000000       0.00000000    
   0.00000000       0.00000000       0.00000000       0.00000000       0.00000000    
   0.00000000       0.00000000       0.00000000       0.00000000       0.00000000    
   2.85608149       2.59116507      0.893072486      0.587094426       2.33098102    
   4.75491524       4.30473185       1.45602250      0.401532024       1.55695152    
   5.71954012       5.20203733       1.83467817       1.13245153       3.61510062    
   1.89632297       1.70664334      0.539206028      0.174665689      0.781623840    
  0.954886556      0.871422648      0.318622291      0.128039166      0.575561702    
   6.63070965       5.95575523       1.83387661      0.602994442       2.44158411    
   0.00000000       0.00000000       0.00000000       0.00000000       0.00000000    
   0.00000000       0.00000000       0.00000000       0.00000000       0.00000000    
   1.90300274       1.72454929      0.585600734      0.259937733       1.09565175    
  0.946258724      0.848157465      0.254454017      0.205188528      0.783037841    
   1.89976048       1.71598840      0.567390323      0.163862750      0.597605824    
   0.00000000       0.00000000       0.00000000       0.00000000       0.00000000    
  0.953451693      0.867524385      0.306968898      0.258274823      0.925079346    
   0.00000000       0.00000000       0.00000000       0.00000000       0.00000000    
   0.00000000       0.00000000       0.00000000       0.00000000       0.00000000    
   1.90280020       1.72410285      0.587459803      0.473241627       1.80482078    
   4.75491524       4.30473185       1.45602250      0.401532024       1.55695152    
   1.90347242       1.72579408      0.588366926      0.426564157       1.52333474    
  0.943195164      0.839997232      0.234810084       7.57598579E-02  0.357025385    
   0.00000000       0.00000000       0.00000000       0.00000000       0.00000000    
   6.63070965       5.95575523       1.83387661      0.602994442       2.44158411    
   0.00000000       0.00000000       0.00000000       0.00000000       0.00000000    
   0.00000000       0.00000000       0.00000000       0.00000000       0.00000000    
  0.948230267      0.853437066      0.267920375      0.172954887      0.706548452    
   1.90487385       1.72976398      0.605375528      0.205188528      0.783037841    
   2.85837555       2.59759474      0.918311834      0.163862750      0.597605824    
   0.00000000       0.00000000       0.00000000       0.00000000       0.00000000    
  0.953451693      0.867524385      0.306968898      0.258274823      0.925079346    
   0.00000000       0.00000000       0.00000000       0.00000000       0.00000000    
   0.00000000       0.00000000       0.00000000       0.00000000       0.00000000    
   2.83455086       2.53428221      0.765422165      0.697719395       2.50776529    
   1.89745915       1.70972705      0.548324943      0.230570257      0.942532122    
   5.71954012       5.20203733       1.83467817       1.13245153       3.61510062    
   6.61494684       5.91528893       1.77400756      0.477851570       1.98511040    
   5.68543816       5.11154556       1.62294197      0.553077161       2.15843534    
  0.949208379      0.856064260      0.274852097      0.124485478      0.569475770    
  0.956548989      0.875953436      0.332654119      0.456001550       1.16032839    
   1.89670205       1.70776165      0.545063138      0.350276709       1.19396758    
   1.90582919       1.73215556      0.606103659      0.318785429       1.23735571    
   0.00000000       0.00000000       0.00000000       0.00000000       0.00000000    
   0.00000000       0.00000000       0.00000000       0.00000000       0.00000000    
  0.925391316      0.793603361      0.146440968       9.21774060E-02  0.457367688    
   0.00000000       0.00000000       0.00000000       0.00000000       0.00000000    
  0.953513324      0.867691517      0.307460815      0.312128365      0.992058635    
   0.00000000       0.00000000       0.00000000       0.00000000       0.00000000    
   2.81539273       2.48343945      0.646915436      0.449423790       2.02671742    
  0.954263985      0.869729817      0.313514829      0.179444879      0.724298060    
   5.71954012       5.20203733       1.83467817       1.13245153       3.61510062    
   1.89547491       1.70439363      0.534030676      0.327056229       1.22576213    
   5.68543816       5.11154556       1.62294197      0.553077161       2.15843534    
   1.89743865       1.70950127      0.542772472      0.294712722       1.16473365    
   0.00000000       0.00000000       0.00000000       0.00000000       0.00000000    
  0.954884171      0.871416152      0.318602651      0.134478390      0.519586682    
   5.68948221       5.12184811       1.63671231      0.616225123       2.42426419    
   0.00000000       0.00000000       0.00000000       0.00000000       0.00000000    
   0.00000000       0.00000000       0.00000000       0.00000000       0.00000000    
   0.00000000       0.00000000       0.00000000       0.00000000       0.00000000    
  0.956250489      0.875138700      0.330091417      0.317483068       1.05283570    
   1.89932489       1.71465492      0.558953166      0.476849705       1.55974162    
   0.00000000       0.00000000       0.00000000       0.00000000       0.00000000    
   2.83269167       2.52881455      0.739782691      0.554300308       2.39145398    
   1.89849210       1.71247244      0.554779232      0.350406617       1.33871734    
   5.71954012       5.20203733       1.83467817       1.13245153       3.61510062    
  0.953127742      0.866646051      0.304395914      0.140353352      0.614335775    
   1.90594316       1.73246598      0.607045650      0.301272929       1.19543195    
   6.63070965       5.95575523       1.83387661      0.602994442       2.44158411    
   0.00000000       0.00000000       0.00000000       0.00000000       0.00000000    
   0.00000000       0.00000000       0.00000000       0.00000000       0.00000000    
   5.68948221       5.12184811       1.63671231      0.616225123       2.42426419    
  0.946258724      0.848157465      0.254454017      0.205188528      0.783037841    
  0.943282902      0.840229988      0.235351413      0.163862750      0.597605824    
   0.00000000       0.00000000       0.00000000       0.00000000       0.00000000    
   1.90970218       1.74266315      0.637060285      0.481204301       1.64907622    
  0.945811629      0.846963465      0.251492321      0.221117973      0.800664544    
   0.00000000       0.00000000       0.00000000       0.00000000       0.00000000    
   1.88126945       1.66721976      0.459809422      0.540531993       1.85109186    
  0.943195164      0.839997232      0.234810084       9.71879885E-02  0.421806693    
   1.90801430       1.73806870      0.623018205      0.627107799       1.93651652    
   6.61494684       5.91528893       1.77400756      0.477851570       1.98511040    
   5.68543816       5.11154556       1.62294197      0.553077161       2.15843534    
   0.00000000       0.00000000       0.00000000       0.00000000       0.00000000    
   1.90993214       1.74329162      0.639076114      0.524673581       1.42603850    
   4.74841070       4.28706551       1.40315115      0.512634039       1.77963114    
  0.951056600      0.861043394      0.288423359      0.215017125      0.803602993    
   0.00000000       0.00000000       0.00000000       0.00000000       0.00000000    
   0.00000000       0.00000000       0.00000000       0.00000000       0.00000000    
   1.87836909       1.65984273      0.449651718      0.220281944      0.964545250    
   0.00000000       0.00000000       0.00000000       0.00000000       0.00000000    
   1.89886117       1.71341765      0.555916071      0.344500840       1.15294671    
   0.00000000       0.00000000       0.00000000       0.00000000       0.00000000    
  0.952518582      0.864995480      0.299611241      0.469617367       1.45997500    
  0.943195164      0.839997232      0.234810084       9.71879885E-02  0.421806693    
  0.953127742      0.866646051      0.304395914      0.306161642       1.02937877    
   6.61494684       5.91528893       1.77400756      0.477851570       1.98511040    
   1.89723134       1.70916367      0.548237383      0.265206814       1.00496757    
   0.00000000       0.00000000       0.00000000       0.00000000       0.00000000    
   2.86553454       2.61666298      0.963668764      0.524673581       1.42603850    
   4.74841070       4.28706551       1.40315115      0.512634039       1.77963114    
   0.00000000       0.00000000       0.00000000       0.00000000       0.00000000    
   0.00000000       0.00000000       0.00000000       0.00000000       0.00000000    
   0.00000000       0.00000000       0.00000000       0.00000000       0.00000000    
   2.83397150       2.53321409      0.774244368      0.220281944      0.964545250    
   0.00000000       0.00000000       0.00000000       0.00000000       0.00000000    
  0.945347905      0.845726132      0.248455286       7.55346790E-02  0.355831355    
   0.00000000       0.00000000       0.00000000       0.00000000       0.00000000    
   1.87953842       1.66254163      0.446606517      0.469534367       1.83961248    
   0.00000000       0.00000000       0.00000000       0.00000000       0.00000000    
  0.954886556      0.871422648      0.318622291      0.445527285       1.30231023    
   1.88416505       1.67409301      0.456095219      0.291363537       1.11296391    
   5.68543816       5.11154556       1.62294197      0.553077161       2.15843534    
   0.00000000       0.00000000       0.00000000       0.00000000       0.00000000    
  0.953383088      0.867338240      0.306422025      0.205290139      0.685951948    
   4.74841070       4.28706551       1.40315115      0.512634039       1.77963114    
   1.89686823       1.70800686      0.539915681      0.349773169       1.31088340    
   0.00000000       0.00000000       0.00000000       0.00000000       0.00000000    
   0.00000000       0.00000000       0.00000000       0.00000000       0.00000000    
   1.89175296       1.69455504      0.512223482      0.272206843       1.13432395    
  0.942117989      0.837140262      0.228255048      0.171655864      0.700757802    
   6.62417459       5.93849373       1.79615533      0.732474089       2.70786381    
  0.947821140      0.852339625      0.265070796      0.286883354      0.989439487    
   2.81289887       2.47669458      0.627711058      0.557303369       2.28809834    
   0.00000000       0.00000000       0.00000000       0.00000000       0.00000000    
   1.90965915       1.74253488      0.636302590      0.718885362       2.12483978    
  0.942347169      0.837747514      0.229634732      0.225300655      0.792362988    
   5.68543816       5.11154556       1.62294197      0.553077161       2.15843534    
  0.948230267      0.853437066      0.267920375      0.212442070      0.787334144    
   0.00000000       0.00000000       0.00000000       0.00000000       0.00000000    
   1.90023208       1.71714234      0.567057967      0.244036585      0.882249594    
   5.68948221       5.12184811       1.63671231      0.616225123       2.42426419    
   0.00000000       0.00000000       0.00000000       0.00000000       0.00000000    
   0.00000000       0.00000000       0.00000000       0.00000000       0.00000000    
  0.938775182      0.828315675      0.209012747      0.157329410      0.663840115    
   1.89836848       1.71227896      0.558346450      0.415572166       1.47547078    
   6.62417459       5.93849373       1.79615533      0.732474089       2.70786381    
  0.947821140      0.852339625      0.265070796      0.286883354      0.989439487    
   2.82325983       2.50348854      0.673050940      0.578148127       2.46042418    
  0.944228053      0.842742622      0.241264388      0.232211322      0.860572457    
   1.90398097       1.72717643      0.592532396      0.534215093       1.75466728    
   0.00000000       0.00000000       0.00000000       0.00000000       0.00000000    
  0.951056600      0.861043394      0.288423359      0.228198737      0.848924398    
   6.63070965       5.95575523       1.83387661      0.602994442       2.44158411    
   0.00000000       0.00000000       0.00000000       0.00000000       0.00000000    
   0.00000000       0.00000000       0.00000000       0.00000000       0.00000000    
   5.68948221       5.12184811       1.63671231      0.616225123       2.42426419    
   1.89831531       1.71190274      0.550485492      0.336076796       1.29727364    
  0.943282902      0.840229988      0.235351413      0.163862750      0.597605824    
   0.00000000       0.00000000       0.00000000       0.00000000       0.00000000    
   5.69983625       5.14917469       1.69667065      0.766049862       2.80230498    
   1.88792968       1.68410373      0.479747355      0.332528621       1.25869977    
  0.952109933      0.863889635      0.296443015      0.285071999      0.980486631    
   1.88661313       1.68062782      0.472169429      0.371327877       1.54506731    
   1.90070558       1.71850097      0.573303342      0.232211322      0.860572457    
  0.949208379      0.856064260      0.274852097      0.259314835      0.928303719    
   0.00000000       0.00000000       0.00000000       0.00000000       0.00000000    
   0.00000000       0.00000000       0.00000000       0.00000000       0.00000000    
   6.63070965       5.95575523       1.83387661      0.602994442       2.44158411    
   0.00000000       0.00000000       0.00000000       0.00000000       0.00000000    
   0.00000000       0.00000000       0.00000000       0.00000000       0.00000000    
  0.948230267      0.853437066      0.267920375      0.172954887      0.706548452    
   4.74899960       4.28879309       1.41232479      0.362070560       1.43629098    
   2.85837555       2.59759474      0.918311834      0.163862750      0.597605824    
   0.00000000       0.00000000       0.00000000       0.00000000       0.00000000    
   1.90550828       1.73126960      0.603000343      0.415565819       1.50452936    
   0.00000000       0.00000000       0.00000000       0.00000000       0.00000000    
  0.951505244      0.862255096      0.291813821      0.209166035      0.689213693    
   2.83046293       2.52236414      0.711050391      0.532216966       2.20190644    
  0.944228053      0.842742622      0.241264388      0.232211322      0.860572457    
  0.949208379      0.856064260      0.274852097      0.259314835      0.928303719    
   0.00000000       0.00000000       0.00000000       0.00000000       0.00000000    
   0.00000000       0.00000000       0.00000000       0.00000000       0.00000000    
   6.63070965       5.95575523       1.83387661      0.602994442       2.44158411    
   0.00000000       0.00000000       0.00000000       0.00000000       0.00000000    
   0.00000000       0.00000000       0.00000000       0.00000000       0.00000000    
   1.90448070       1.72857571      0.598011792      0.336460084       1.29888427    
   4.74899960       4.28879309       1.41232479      0.362070560       1.43629098    
   1.90189815       1.72183645      0.586272895      0.163862750      0.597605824    
   0.00000000       0.00000000       0.00000000       0.00000000       0.00000000    
   5.69983625       5.14917469       1.69667065      0.766049862       2.80230498    
  0.942117989      0.837140262      0.228255048      0.140325695      0.607268393    
   1.90361524       1.72614479      0.588256836      0.433083564       1.42377520    
  0.950005770      0.858210027      0.280630231      0.419500500       1.24659777    
   0.00000000       0.00000000       0.00000000       0.00000000       0.00000000    
   0.00000000       0.00000000       0.00000000       0.00000000       0.00000000    
   2.82375813       2.50590229      0.705555558      0.145249888      0.740772247    
  0.954884171      0.871416152      0.318602651      0.196377024      0.673717380    
   0.00000000       0.00000000       0.00000000       0.00000000       0.00000000    
   2.86553454       2.61666298      0.963668764      0.524673581       1.42603850    
   4.74841070       4.28706551       1.40315115      0.512634039       1.77963114    
   0.00000000       0.00000000       0.00000000       0.00000000       0.00000000    
   0.00000000       0.00000000       0.00000000       0.00000000       0.00000000    
   0.00000000       0.00000000       0.00000000       0.00000000       0.00000000    
   5.67550707       5.08537626       1.56534791      0.352261066       1.55517137    
   0.00000000       0.00000000       0.00000000       0.00000000       0.00000000    
   1.88412309       1.67404175      0.457468033      0.155019283      0.724149227    
  0.952755153      0.865636170      0.301460475      0.208440915      0.700357795    
   1.90079331       1.71852732      0.567038536      0.672054768       2.22676992    
   0.00000000       0.00000000       0.00000000       0.00000000       0.00000000    
   0.00000000       0.00000000       0.00000000       0.00000000       0.00000000    
   1.86720920       1.62994885      0.372901440      0.145249888      0.740772247    
   1.90839744       1.73910761      0.626063466      0.320269197       1.15600872    
   0.00000000       0.00000000       0.00000000       0.00000000       0.00000000    
   1.90898538       1.74070978      0.631014705      0.524673581       1.42603850    
   4.74841070       4.28706551       1.40315115      0.512634039       1.77963114    
  0.945811629      0.846963465      0.251492321      0.179677203      0.707475483    
   0.00000000       0.00000000       0.00000000       0.00000000       0.00000000    
   0.00000000       0.00000000       0.00000000       0.00000000       0.00000000    
   5.67550707       5.08537626       1.56534791      0.352261066       1.55517137    
  0.942117989      0.837140262      0.228255048      0.171655864      0.700757802    
   6.62417459       5.93849373       1.79615533      0.732474089       2.70786381    
   1.90057635       1.71797585      0.566531301      0.377503335       1.30911016    
   2.82799768       2.51620674      0.706393838      0.609507561       2.51337242    
   0.00000000       0.00000000       0.00000000       0.00000000       0.00000000    
  0.954772532      0.871112227      0.317680329      0.352889597       1.11555600    
   0.00000000       0.00000000       0.00000000       0.00000000       0.00000000    
   1.90456986       1.72873497      0.595884204      0.367255390       1.36581838    
   1.90168190       1.72096145      0.574889302      0.352891684       1.32322001    
   0.00000000       0.00000000       0.00000000       0.00000000       0.00000000    
  0.945347905      0.845726132      0.248455286      0.158709899      0.575247407    
   5.68948221       5.12184811       1.63671231      0.616225123       2.42426419    
  0.952056587      0.863745272      0.296031445      0.177946970      0.720736265    
   0.00000000       0.00000000       0.00000000       0.00000000       0.00000000    
  0.938775182      0.828315675      0.209012747      0.157329410      0.663840115    
   5.69983625       5.14917469       1.69667065      0.766049862       2.80230498    
   6.62417459       5.93849373       1.79615533      0.732474089       2.70786381    
   1.89993107       1.71622920      0.561513782      0.474830568       1.63522565    
   2.84339499       2.55737734      0.812246919      0.502515316       2.04397225    
   0.00000000       0.00000000       0.00000000       0.00000000       0.00000000    
   0.00000000       0.00000000       0.00000000       0.00000000       0.00000000    
   0.00000000       0.00000000       0.00000000       0.00000000       0.00000000    
   0.00000000       0.00000000       0.00000000       0.00000000       0.00000000    
   1.89971042       1.71568179      0.561422944      0.293394983       1.17259860    
   0.00000000       0.00000000       0.00000000       0.00000000       0.00000000    
   0.00000000       0.00000000       0.00000000       0.00000000       0.00000000    
  0.956250489      0.875138700      0.330091417      0.220228910      0.826241493    
   4.74899960       4.28879309       1.41232479      0.362070560       1.43629098    
  0.958615184      0.881606460      0.350921482       7.95207918E-02  0.292949587    
  0.952755153      0.865636170      0.301460475       9.02846232E-02  0.400164485    
   5.69983625       5.14917469       1.69667065      0.766049862       2.80230498    
   1.88993907       1.68947983      0.493325830      0.207548410      0.937201917    
   4.76317310       4.32673264       1.50905013      0.713462174       2.39818501    
   2.85977507       2.60113955      0.921300530      0.781459808       2.68328190    
   0.00000000       0.00000000       0.00000000       0.00000000       0.00000000    
   0.00000000       0.00000000       0.00000000       0.00000000       0.00000000    
  0.925391316      0.793603361      0.146440968       7.07932785E-02  0.389584303    
  0.953513324      0.867691517      0.307460815      0.230904520      0.839395642    
   0.00000000       0.00000000       0.00000000       0.00000000       0.00000000    
  0.955602348      0.873371482      0.324592650      0.388055474       1.00579655    
   1.89832568       1.71196556      0.551666021      0.393367708       1.30655611    
  0.945811629      0.846963465      0.251492321      0.179677203      0.707475483    
  0.951505244      0.862255096      0.291813821       8.68360102E-02  0.384104729    
   0.00000000       0.00000000       0.00000000       0.00000000       0.00000000    
   5.67550707       5.08537626       1.56534791      0.352261066       1.55517137    
   1.89422798       1.70102990      0.524698079      0.265595466       1.10664725    
   6.62417459       5.93849373       1.79615533      0.732474089       2.70786381    
   4.76317310       4.32673264       1.50905013      0.713462174       2.39818501    
   2.85361910       2.58466578      0.879551291      0.642806351       2.55239320    
   0.00000000       0.00000000       0.00000000       0.00000000       0.00000000    
   0.00000000       0.00000000       0.00000000       0.00000000       0.00000000    
   0.00000000       0.00000000       0.00000000       0.00000000       0.00000000    
  0.953513324      0.867691517      0.307460815      0.230904520      0.839395642    
  0.953451693      0.867524385      0.306968898      0.183634177      0.730907679    
   0.00000000       0.00000000       0.00000000       0.00000000       0.00000000    
  0.945347905      0.845726132      0.248455286      0.158709899      0.575247407    
   1.90206218       1.72210217      0.581583738      0.297261238       1.18644178    
   1.90356183       1.72600031      0.587845266      0.203940734      0.859753609    
   0.00000000       0.00000000       0.00000000       0.00000000       0.00000000    
   1.89153028       1.69395185      0.510473251      0.194146484      0.839195728    
   5.69983625       5.14917469       1.69667065      0.766049862       2.80230498    
   6.62417459       5.93849373       1.79615533      0.732474089       2.70786381    
   4.76317310       4.32673264       1.50905013      0.713462174       2.39818501    
   10.4148989       9.34844303       2.91327238       1.49878919       5.64966297    
   4.75491524       4.30473185       1.45602250      0.401532024       1.55695152    
   1.90754533       1.73679209      0.619127572      0.850349724       2.63770890    
   1.89571381       1.70499277      0.534421325      0.323514938       1.21464312    
  0.928750932      0.802224278      0.160198167      0.164440423      0.731408536    
   3.77981925       3.37872934      0.984135270      0.517594934       2.05448556    
   0.00000000       0.00000000       0.00000000       0.00000000       0.00000000    
   0.00000000       0.00000000       0.00000000       0.00000000       0.00000000    
  0.933360457      0.814153075      0.181104556      0.286457539       1.14357579    
   4.74899960       4.28879309       1.41232479      0.362070560       1.43629098    
   2.85837555       2.59759474      0.918311834      0.163862750      0.597605824    
  0.950005770      0.858210027      0.280630231      0.102512687      0.497593611    
   1.89590633       1.70548165      0.534912348      0.539261281       1.95617425    
  0.950787485      0.860317290      0.286408335      0.496521086       1.61475170    
   1.91048694       1.74486721      0.646075845      0.498516440       1.68279743    
   10.4148989       9.34844303       2.91327238       1.49878919       5.64966297    
   1.89994574       1.71650088      0.569204450      0.248443931      0.988346994    
   1.90640903       1.73370838      0.610008657      0.878265560       2.69921184    
   6.61494684       5.91528893       1.77400756      0.477851570       1.98511040    
   1.87109804       1.63997173      0.389832914      0.299251944       1.24977517    
  0.946049690      0.847599208      0.253065437      0.371612430       1.36405385    
   2.86553454       2.61666298      0.963668764      0.524673581       1.42603850    
   2.84817886       2.56992316      0.836093247      0.463482380       1.56704664    
  0.933360457      0.814153075      0.181104556      0.286457539       1.14357579    
  0.940563440      0.833028674      0.219103992      0.149362922      0.632549882    
   0.00000000       0.00000000       0.00000000       0.00000000       0.00000000    
   5.67550707       5.08537626       1.56534791      0.352261066       1.55517137    
  0.943849742      0.841736376      0.238880932      0.382437885       1.37774777    
   1.88956261       1.68863297      0.495421082      0.563759565       1.94469202    
   1.91173697       1.74824834      0.655722499      0.555182874       1.81755948    
