Mg   0.2149440165  -0.3671820281   0.2679520206
Mg   1.3434111005  -2.3638531814  -1.6028891217
Mg   0.2192030170   0.2220050169  -2.7540952082
Mg  -1.9719051505  -1.5927531230  -1.5634951193
Mg  -2.1555531620   1.8251971401  -1.7861801343
Mg   3.0320252326   0.5310840387  -1.2306800955
Mg  -3.9305862992  -2.5301301929   0.4580880351
Mg  -3.9822103022   0.5380250397   0.2518470190
Mg   0.7941950627   2.8746042193  -1.4112141052
Mg   3.2974392519  -0.5607430423   1.8809811430
Mg   3.9074422983  -2.5617881954  -0.1185460090
Mg  -2.1830261662  -0.9247460693   2.2929901775
Mg   2.1602051645   2.2538441741   1.1602500909
Mg  -1.2765240964   2.2877591757   1.1198580867
Mg   0.5309390388   0.3686770279   3.0351322333
