   35.1107445   
   35.1106758   
   38.0303879   
   38.0304413   
   39.7555618   
   39.7552986   
   37.1086273   
   37.1108627   
   39.5582695   
   39.5581932   
   32.0238533   
   32.0236359   
   32.0608749   
   32.0605850   
   33.8170204   
   33.8169441   
   39.8640900   
   39.8640900   
   40.0889397   
   40.0889397   
   30.8344173   
   30.8343525   
   30.8437920   
   30.8427944   
   34.9051971   
   34.9058342   
   34.9062805   
   34.9059792   
   34.9059792   
   34.3329048   
   34.3329048   
   34.3318481   
   34.3318481   
   32.3177147   
   32.3181458   
   30.2961750   
   30.3027687   
   30.3027687   
   33.3720970   
   29.7057629   
   29.7033901   
   29.7055683   
   29.7047138   
   39.5151215   
   39.4929886   
   39.5220337   
   39.5210800   
   37.6246758   
   37.6231995   
   37.6227493   
   37.6224709   
   35.9767380   
   35.9765053   
   35.9755936   
   35.9768105   
   35.8867188   
   35.8873215   
   35.8870087   
   35.8858604   
   40.3228149   
   40.3229866   
   40.3219757   
   40.3333855   
   34.0967903   
   34.0970459   
   34.0969543   
   34.0966606   
   37.0238266   
   37.0148811   
   35.4063568   
   35.4052238   
   32.7914581   
   32.7915268   
   32.7916756   
   32.7917557   
   32.2848053   
   32.2849541   
   32.2847786   
   32.2848358   
   34.7797089   
   34.7794914   
   34.7794914   
   30.6967621   
   29.9999771   
   29.9999638   
   29.9999638   
   30.2241840   
   30.2241917   
   30.2241917   
   30.2239151   
   30.2241840   
   30.2239227   
   30.2240753   
   30.2241840   
   30.2241840   
   30.2240410   
   30.2241993   
   30.2241516   
   29.9768028   
   29.9767475   
   29.9768028   
   29.9767132   
   29.9766865   
   29.9767342   
   29.9767475   
   29.9767551   
   29.9767132   
   29.9766254   
   29.9767609   
   29.9767075   
   30.1383286   
   30.1383018   
   30.1382961   
   30.1383495   
   30.1383362   
   30.1383705   
   30.1383228   
   30.1383438   
   30.1383781   
   30.1383018   
   30.1383495   
   30.1383286   
   29.1325703   
   29.1424046   
   37.4341888   
   37.4338303   
   37.4337006   
   37.4336853   
   35.0838928   
   35.0834923   
   35.0840225   
   35.0850983   
   32.7656517   
   32.7656403   
   35.6078796   
   35.6075821   
   35.6077728   
   35.6074333   
   34.9874573   
   34.9878082   
   34.9876747   
   34.9874458   
   37.2979317   
   37.2981415   
   33.5611076   
   33.5608559   
   33.5613441   
   33.5605583   
   30.2405014   
   30.2401848   
   36.3532677   
   36.3532753   
   36.3532295   
   36.3533554   
   36.3978958   
   36.3977890   
   31.5469875   
   31.5471172   
   31.5472240   
   31.5470657   
   37.4681129   
   37.4670410   
   37.4675369   
   37.4675980   
   35.8213234   
   35.8212280   
   35.8213081   
   35.8215866   
   33.7543297   
   33.7542496   
   39.0954971   
   40.6270599   
   40.6384048   
   30.1447830   
   30.1446877   
   36.7621040   
   36.7621307   
   34.0709534   
   34.0706978   
   32.4481812   
   32.4478569   
   30.4338131   
   37.8676796   
   37.8678589   
   36.7708397   
   39.8619385   
   29.0571480   
   29.0571537   
   31.1722183   
   40.1316910   
   40.1320190   
   32.7397079   
   32.7396088   
   39.3423538   
   39.3432541   
   39.3430328   
   39.3432388   
   39.3429527   
   39.3464432   
   39.3431168   
   39.3437424   
   36.6661415   
   36.6668854   
   35.3978004   
   35.3974609   
   35.3978348   
   35.3975372   
   35.3974609   
   35.3976784   
   35.3974304   
   35.3976173   
   34.2870178   
   34.2869720   
   34.2870712   
   34.2871246   
   30.3777008   
   30.3773823   
   30.3776798   
   30.3774242   
   36.9820442   
   36.9821968   
   36.9827461   
   36.9821472   
   36.9823265   
   36.9822922   
   36.9822655   
   36.9824219   
   29.2369080   
   29.2371063   
   29.2370682   
   29.2371120   
   36.2694168   
   36.2691956   
   36.2618179   
   36.2617531   
   32.3948822   
   32.3948479   
   31.2139168   
   31.2139301   
   31.2076511   
   31.2076950   
   40.0456123   
   40.0456123   
   40.0456123   
   40.0456123   
   30.8993282   
   30.9004898   
   30.9022865   
   30.9044418   
   34.8688622   
   34.8694382   
   34.8686638   
   34.8689270   
   34.8689270   
   34.4018974   
   34.4019127   
   34.4019127   
   34.4019279   
   32.2807083   
   32.2808342   
   30.2578773   
   30.2570515   
   30.2570515   
   33.3473358   
   32.4202194   
   32.4308167   
   32.4220543   
   32.4246101   
   32.9345932   
   32.9348068   
   32.9348068   
   32.9345627   
   38.1135292   
   38.1134300   
   34.7908859   
   34.7913551   
   34.7908936   
   34.7907753   
   31.6144562   
   31.6144638   
   39.5659180   
   39.5684547   
   39.5687485   
   39.5684395   
   33.0254745   
   33.0253563   
   37.0021057   
   37.0019341   
   35.4868317   
   35.4867897   
   35.4853668   
   35.4868240   
   30.6789150   
   30.6787605   
   31.0058899   
   31.0085030   
   34.8694954   
   34.8694687   
   34.9413033   
   34.9412651   
   34.3410263   
   34.3410263   
   34.3280830   
   34.3280983   
   32.1344757   
   32.1343040   
   30.2050190   
   30.3837280   
   33.4201546   
   33.3438759   
   30.9614124   
   30.9616165   
   32.2283630   
   32.2302322   
   32.2282143   
   32.2285728   
   33.6514969   
   33.6514244   
   33.6514969   
   33.6514282   
   33.6829605   
   33.6826744   
   33.6829605   
   33.6829605   
   32.0407829   
   32.0404854   
   32.0402603   
   32.0402603   
   31.1681137   
   31.1679783   
   34.1259041   
   34.1260452   
   36.0944519   
   36.0943604   
   36.0945587   
   36.0955963   
   32.7133713   
   32.7132034   
   32.7135010   
   32.7134171   
   41.0427513   
   41.0430565   
   41.0439529   
   41.0433350   
   35.7969055   
   35.7972450   
   35.7968254   
   35.7969284   
   35.5193710   
   35.5194054   
   39.9120522   
   39.9141655   
   39.9141655   
   39.9117775   
   38.6028709   
   38.6030159   
   38.6030159   
   38.6037560   
   38.6037560   
   38.6037560   
   38.5337906   
   38.5340233   
   41.1890411   
   41.1890411   
   38.4693985   
   38.4691353   
   37.8883781   
   37.8873062   
   29.5778580   
   29.5774574   
   32.2667007   
   32.2660141   
   41.4927788   
   41.4928741   
   33.5055847   
   33.5052490   
   37.3506317   
   37.3506660   
   36.5097542   
   34.7938843   
   30.1572723   
   29.4709816   
   29.0683346   
   34.3795700   
   36.3296356   
   38.1841469   
   34.6027336   
   33.0922127   
   38.6297913   
   33.2705498   
   34.7305603   
   34.8599777   
   34.0590897   
   32.6070709   
   34.4649544   
   35.0460205   
   33.1763763   
   31.8615532   
   37.2357635   
   32.0389748   
   36.2361908   
   31.2017460   
   33.1939392   
   32.7659912   
   31.0554848   
   33.9974976   
   34.9580612   
   33.7864456   
   34.3257484   
   41.9249535   
   41.9579468   
   32.3399277   
   32.3399162   
   40.8321877   
   40.8324127   
   37.8811188   
   37.8816414   
   36.7631416   
   36.7630730   
   39.0272865   
   39.0270271   
   40.7725258   
   40.7707176   
   31.5783520   
   31.5784302   
   31.7217789   
   31.7215405   
   38.0826340   
   38.0827484   
   30.9853477      
   30.9848289      
   30.9851265      
   29.8043919      
   29.8039570      
   29.8023834      
   29.8038483      
   29.8035927      
   29.8034344      
   34.5971375      
   34.5972900      
   34.5969543      
   30.9880047      
   30.9829311      
   30.9867210      
   29.7979221      
   29.8055992      
   29.8022060      
   29.7952728      
   29.8218937      
   29.8174572      
   34.6174774      
   34.6217232      
   34.5765152      
   38.4368019      
   38.4370461      
   38.4392204      
   38.4370193      
   38.4370918      
   38.4370308      
   29.9999981      
   38.4634323      
   38.4883003      
   38.3131790      
   38.3034630      
   38.4510307      
   38.4666901      
   30.0527267      
   30.0000172      
   29.9997787      
   29.9997787      
   29.9997864      
   30.0136337      
   30.0231857      
   30.0204334      
   30.0268784      
   30.7916584      
   30.7889843      
   30.7917194      
   30.7910423      
   30.7916374      
   30.7916641      
   30.0000038      
   30.0001812      
   41.8736839      
   41.8736839      
   41.8742599      
   41.8756828      
   41.8741875      
   41.8747025      
   31.8283672      
   31.8321114      
   29.6328106      
   29.6320610      
   29.6361732      
   29.6357708      
   31.7501659      
   31.7467918      
   31.9497910      
   31.9507141      
   31.7477131      
   31.7485428      
   31.7468777      
   31.7481918      
   31.7481537      
   31.7480831      
   30.9374847      
   30.9373455      
   30.9374008      
   30.9374313      
   30.9371986      
   30.9374790      
   30.9374790      
   34.2986183      
   34.2986565      
   31.3887939      
   31.3903751      
   31.3903542      
   31.3900414      
   31.3903675      
   31.3903751      
   32.4383087      
   32.4382477      
   32.4383354      
   32.4382782      
   32.4386215      
   32.4382401      
   31.3876400      
   31.3895283      
   31.3933258      
   31.3970280      
   31.3943882      
   31.3915730      
   32.4529305      
   32.4507599      
   32.4486427      
   32.4532356      
   32.4464569      
   32.4494400      
   31.4861279      
   31.4860287      
   35.4005966      
   35.4002380      
   35.3897514      
   35.3890953      
   40.7427368      
   40.8745155      
   31.4861412      
   31.4860153      
   35.4005470      
   35.4002724      
   35.3897476      
   35.3891220      
   40.7427330      
   40.8745041      
   37.3759117      
   37.3762054      
   37.3767166      
   37.3766403      
   37.3712616      
   37.3756599      
   37.3745193      
   37.3793602      
   31.7421360      
   31.7514458      
   31.7529449      
   31.7387486      
   31.7449474      
   31.7433910      
   30.9499512      
   30.9438896      
   30.9409447      
   30.9409389      
   30.9338112      
   30.9516659      
   29.6696110      
   31.9419193      
   30.1570816      
   29.7944126      
   31.2420712      
   32.9189796      
   35.3866043      
   31.8190689      
   31.8190689      
   32.2228203      
   32.1761131      
   31.5830345      
   31.6817417      
   31.7483349      
   31.7483349      
   31.7661934      
   31.7661476      
   31.7756042      
   31.7749424      
   30.9315987      
   30.9518909      
   30.9895382      
   30.9895802      
   30.9373322      
   30.9373112      
   31.5436001      
   31.3287468      
   33.2636185      
   31.1051464      
   29.8427486      
   30.6702843      
   29.6296825      
   30.5446224      
   31.2600613      
   31.1028576      
   35.5248337      
   33.2666473      
   33.8210335      
   31.0478096      
   33.7410660      
   33.7385483      
   35.1411972      
   35.1411629      
   35.2285919      
   35.2286568      
   31.8315125      
   31.8314972      
   31.1167984      
   35.8737335      
   35.8735886      
   31.0234947      
   33.7227516      
   33.7191124      
   35.1709862      
   35.1571007      
   35.2365189      
   35.2324867      
   31.8985443      
   31.8912296      
   31.1015778      
   35.8297729      
   35.8224487      
   30.1471539      
   30.1557846      
   32.5761147      
   32.5771904      
   32.9434319      
   32.4551964      
   35.0487213      
   35.0485687      
   38.3036957      
   38.3037338      
   30.0894909      
   30.2010231      
   32.5724144      
   32.5702934      
   32.9503365      
   32.4533501      
   35.0415916      
   35.0444336      
   38.3052673      
   38.2953606      
   35.2732964      
   35.4996147      
   35.4986458      
   37.9736214      
   37.9744530      
   36.2800598      
   36.2800293      
   31.5836010      
   35.2281456      
   35.4439659      
   35.4032745      
   38.2086563      
   37.9991379      
   36.3239059      
   36.3009453      
   31.6127357      
   30.2385120      
   34.6875381      
   34.6867905      
   40.0099831      
   31.1969719      
   31.1974659      
   30.0876007      
   30.0876503      
   30.2635841      
   34.7127037      
   34.6774139      
   39.8665466      
   31.0666790      
   31.0717335      
   29.9594707      
   29.9739571      
   31.6194019      
   31.6189232      
   36.1628189      
   34.8824005      
   35.2869263      
   35.2865372      
   32.8309937      
   32.8306999      
   32.8306999      
   31.9668064      
   30.2836761      
   34.9390602      
   34.9390335      
   31.6626701      
   31.6431160      
   36.1212158      
   34.9026451      
   35.2629967      
   35.2711601      
   32.8258972      
   32.8434753      
   31.9974728      
   30.2556286      
   34.9369698      
   34.9365730      
   39.4598541      
   38.6244736      
   38.6235199      
   38.6418457      
   38.6413383      
   32.7455368      
   32.7458763      
   32.7470970      
   32.7476425      
   32.3758163      
   35.4258080      
   39.2015686      
   37.0885391      
   35.3751640      
   30.7948265      
   37.5066452      
   32.0094337      
   37.4445724      
   40.4443855      
   36.6742172      
   32.8812752      
   30.2660103      
   37.8197060      
   40.8824539      
   33.5609856      
   29.7157726      
   38.3999100      
   31.6278095      
   31.6277313      
   32.6278267      
   32.6278572      
   34.1232376      
   34.1229248      
   34.3177605      
   35.1601830      
   40.1132545      
   35.8586655      
   35.8587646      
   31.6164303      
   31.6174850      
   32.6477356      
   32.6593552      
   34.1198235      
   34.0484695      
   34.3842545      
   35.2091980      
   40.1630020      
   35.8740501      
   35.8540306      
   30.0000248      
   30.0000038      
   33.2487526      
   33.2484932      
   33.2488251      
   33.2488670      
   33.2484779      
   33.2489014      
   33.2362862      
   33.2358170      
   33.2359734      
   33.2360611      
   33.2369499      
   33.2362404      
   30.0001411      
   30.0002022      
   31.6082859      
   31.6083126      
   31.6082916      
   31.6084423      
   31.6080322      
   31.6084499      
   30.0294762      
   30.0300293      
   33.2361412      
   33.2479095      
   33.2377090      
   33.2313805      
   33.2663574      
   33.2304268      
   33.2493782      
   33.2262878      
   33.2734528      
   33.2821388      
   33.2633247      
   33.2558289      
   30.0011444      
   30.0084877      
   31.6127567      
   31.6076260      
   31.6107178      
   31.5950699      
   31.6048126      
   31.6143780      
   37.1840858      
   37.1834106      
   31.6676941      
   31.9388905      
   38.3729019      
   38.3731232      
   31.4773140      
   31.1899872      
   31.1896839      
   33.8628731      
   33.8628654      
   29.6401348      
   29.6403847      
   37.1842270      
   37.1835098      
   31.6699390      
   31.9393349      
   38.3728027      
   38.3727608      
   31.4778156      
   31.1899948      
   31.1899014      
   33.8609314      
   33.8627930      
   29.6403236      
   29.6404190      
   30.9812202      
   30.9809875      
   33.1647530      
   33.1649475      
   33.1647530      
   33.1648674      
   31.4338970      
   31.4339046      
   39.6867180      
   39.6865768      
   39.6866722      
   39.6865425      
   32.8784142      
   32.8783875      
   32.8808136      
   32.8768387      
   36.5350685      
   36.5350838      
   33.0354691      
   30.9783821      
   30.9792976      
   33.1753693      
   33.1735611      
   33.1682510      
   33.1667137      
   31.4277020      
   31.4296017      
   39.6927719      
   39.6916733      
   39.6953697      
   39.6942711      
   32.8402138      
   32.8419456      
   32.8907166      
   32.8979797      
   36.5407295      
   36.5361023      
   31.9616013      
   38.1400642      
   40.5639763      
   40.5638275      
   32.4645195      
   32.4637108      
   38.1015739      
   38.1016731      
   40.3147812      
   32.6724396      
   32.6722298      
   30.9730129      
   30.9733505      
   31.9638901      
   38.1375771      
   40.5682793      
   40.5659790      
   32.4628944      
   32.4630241      
   38.1016769      
   38.1016045      
   40.3154297      
   32.6699295      
   32.6695824      
   30.9761238      
   30.9754677      
   29.8352261      
   30.7601528      
   31.8425789      
   33.2175560      
   35.2987251      
   34.6371078      
   35.7681847      
   31.7707653      
   36.5666428      
   37.9443321      
   41.0416908      
   33.4586906      
   29.2510223      
   29.2511959      
   29.2509193      
   29.2504425      
   29.2508278      
   29.2489910      
   29.9993896      
   30.2894878      
   30.2894192      
   30.2894402      
   30.0003738      
   29.2187672      
   29.2142754      
   29.2393227      
   29.2327480      
   29.2379436      
   29.2388096      
   29.9973125      
   30.2962360      
   30.2968407      
   30.2915382      
   30.0101337      
   32.7440643      
   34.1336174      
   32.2196388      
   31.1904697      
   29.7576485      
   29.7576962      
   34.1350479      
   34.1350517      
   29.1013660      
   29.1013317      
   32.7447929      
   34.1317406      
   32.2192802      
   31.1903324      
   29.7585163      
   29.7577381      
   34.1358681      
   34.1353874      
   29.1002731      
   29.0995159      
   32.7465324      
   34.1372566      
   32.2081261      
   31.1824875      
   29.7435684      
   29.7435951      
   34.1445160      
   34.1445160      
   29.0878487      
   29.0878487      
   32.7451515      
   34.1307831      
   32.2168846      
   31.1853848      
   29.7587013      
   29.7495079      
   34.1444054      
   34.1374969      
   29.1031933      
   29.0953140      
   30.2796936      
   30.2797890      
   30.5088272      
   30.5128765      
   30.5131607      
   30.5134296      
   30.2051697      
   30.2053547      
   33.9202194      
   33.9202080      
   33.9187737      
   33.9202042      
   34.1104393      
   34.1104202      
   34.1102562      
   34.1092949      
   33.4411011      
   33.4412308      
   33.4412575      
   33.4413605      
   33.6389542      
   33.6389236      
   33.6387749      
   33.6387825      
   30.2900963      
   30.2921562      
   30.4828644      
   30.4867744      
   30.4946842      
   30.4960575      
   30.2133694      
   30.2152748      
   33.9233360      
   33.9277382      
   33.9085464      
   33.9112320      
   34.1058235      
   34.1068420      
   34.0968552      
   34.0974159      
   33.4361763      
   33.4376793      
   33.4424667      
   33.4442558      
   33.6482925      
   33.6493568      
   33.6479568      
   33.6484337      
   29.6788254      
   29.6742592      
   29.6790066      
   29.6772480      
   36.9530373      
   36.9528809      
   36.9528389      
   36.9529076      
   41.7483292      
   41.7484512      
   36.4612427      
   36.4612923      
   36.4611435      
   36.4612694      
   29.7153797      
   29.7279434      
   29.6763077      
   29.6859417      
   36.8947754      
   36.8856964      
   36.8698616      
   36.8620720      
   41.7756004      
   41.7802124      
   36.4707069      
   36.4660454      
   36.4565620      
   36.4527435      
   32.9721603      
   32.9721870      
   33.3158150      
   33.3158684      
   33.3158226      
   33.3158684      
   35.9292831      
   35.9294395      
   32.9863129      
   32.9853325      
   33.3152161      
   33.3118973      
   33.3030052      
   33.3002205      
   35.9765663      
   35.9768448      
   34.9953766      
   34.9961853      
   34.9955597      
   34.9950562      
   35.5292053      
   35.5291138      
   35.5291481      
   35.5290489      
   33.1107254      
   33.1111603      
   35.0187111      
   35.0183754      
   35.0394363      
   35.0401077      
   34.6710510      
   34.6709518      
   34.7618752      
   34.7623253      
   35.7030029      
   35.7025757      
   35.7024574      
   35.7032013      
   33.0984955      
   33.0982170      
   38.5946732      
   38.5972328      
   38.5936928      
   38.5947685      
   39.8558388      
   39.8555450      
   39.8563690      
   39.8559570      
   31.5372410      
   31.5375137      
   32.6171913      
   32.6174622      
   40.7663040      
   33.9461708      
   33.9462013      
   33.9462585      
   33.9462700      
   32.2817612      
   32.2817612      
   39.9083214      
   39.9075966      
   38.2229576      
   38.2230186      
   38.2226601      
   38.2228966      
   38.5994263      
   38.5981483      
   38.6004219      
   38.5966148      
   39.8496399      
   39.8525352      
   39.8566246      
   39.8562431      
   31.5334396      
   31.5339565      
   32.6187668      
   32.6171684      
   40.7649269      
   33.9387398      
   33.9397888      
   33.9434700      
   33.9454803      
   32.2768707      
   32.2823143      
   39.9047127      
   39.9046516      
   38.2263336      
   38.2255363      
   38.2288628      
   38.2271767      
   32.6284904      
   32.6296883      
   32.8673477      
   32.8672562      
   32.8677788      
   32.8677292      
   35.1033440      
   35.1027184      
   35.1036415      
   35.1038017      
   32.1720047      
   32.1720047      
   41.0944977      
   30.9957924      
   30.9827595      
   35.1591148      
   40.8581161      
   32.0088539      
   31.9977741      
   35.7320518      
   35.7307129      
   35.4057121      
   35.3723679      
   39.2482758      
   39.2861328      
   34.7762337      
   34.7635803      
   38.6059837      
   38.5410614      
   31.3388271      
   36.6548233      
   36.6552734      
   36.6547546      
   36.6547050      
   36.1794662      
   36.1793556      
   36.1757393      
   36.1758003      
   33.4021721      
   33.4021721      
   33.4020805      
   33.4021034      
   36.6124763      
   36.6127815      
   36.6122856      
   36.6122742      
   36.6122169      
   36.6121826      
   36.1838913      
   36.1864929      
   36.1836205      
   36.1867294      
   33.3951416      
   33.3953018      
   33.3953209      
   33.3952713      
   36.6371422      
   36.6369705      
   33.0398140      
   33.0373154      
   41.4464874      
   37.5897636      
   37.5896492      
   31.8711529      
   37.4179993      
   37.4179535      
   36.7368088      
   36.7368202      
   41.5027008      
   41.5026703      
   38.3686218      
   38.3703690      
   34.2028580      
   34.2028770      
   33.0163803      
   33.0782967      
   41.4587021      
   37.5814781      
   37.3518219      
   36.8133621      
   36.7642708      
   41.4503822      
   41.4466171      
   38.3488197      
   38.3708725      
   34.1907043      
   34.1476784      
   41.0566063      
   41.0514259      
   41.0576324      
   41.0567780      
   36.7161903      
   36.7161026      
   36.7162971      
   36.7161827      
   33.5142517      
   33.5139542      
   33.5142288      
   33.5143547      
   30.8631897      
   30.8634777      
   40.4877548      
   40.4874458      
   40.4877129      
   40.4898911      
   39.1784782      
   39.5244370      
   39.5239754      
   38.0186806      
   38.0186043      
   35.7190399      
   35.7191162      
   34.8111191      
   34.8110542      
   32.3188515      
   32.3180237      
   31.8348064      
   31.8346043      
   38.0333290      
   38.0334549      
   40.9454842      
   40.9444809      
   40.9461975      
   40.9456024      
   36.7401161      
   36.7399368      
   36.7404213      
   36.7400246      
   33.4913445      
   33.4916115      
   33.4914131      
   33.4909134      
   30.8669395      
   30.8668137      
   40.3404312      
   40.3412247      
   40.3405380      
   40.3410606      
   40.9515152      
   40.9499817      
   40.9544182      
   40.9522820      
   36.7420197      
   36.7407455      
   36.7422905      
   36.7407875      
   33.4922752      
   33.4923744      
   33.4910965      
   33.4913330      
   30.8679161      
   30.8677502      
   40.3370552      
   40.3371086      
   40.3411560      
   40.3397141      
   39.7607536      
   39.7600937      
   39.7601357      
   39.7600060      
   39.7610092      
   39.7611351      
   39.7601738      
   39.7606544      
   39.7595596      
   39.7558861      
   39.7616539      
   39.7581367      
   30.0675831      
   30.0677395      
   30.0668068      
   30.0671921      
   30.0668659      
   30.0663776      
   32.0977516      
   32.0976257      
   36.1379509      
   36.1379433      
   39.8141365      
   39.8139992      
   39.8255386      
   39.8255234      
   35.3853188      
   35.3852081      
   35.3890533      
   35.3888741      
   41.6181526      
   32.9514236      
   32.9519615      
   32.9534149      
   32.9529610      
   31.3445549      
   31.3447189      
   30.4954262      
   30.4971809      
   35.4557457      
   35.4522171      
   38.3647652      
   38.3708191      
   29.5599556      
   29.5712929      
   29.5603580      
   33.6270294      
   33.6285553      
   33.6251717      
   29.0658054      
   29.0656471      
   29.0667038      
   36.6343269      
   36.6340981      
   36.6344032      
   40.4501228      
   40.4501305      
   40.4501419      
   29.9998951      
   29.6466675      
   29.6622620      
   29.6783905      
   33.6487999      
   33.6545105      
   33.6476593      
   29.0368557      
   29.0301647      
   29.0335350      
   36.6659813      
   36.6485214      
   36.6528854      
   40.4435005      
   40.4510536      
   40.4783134      
   30.0039654      
   39.5454330      
   39.5401459      
   38.0395241      
   38.0389366      
   40.9003105      
   34.2527962      
   34.2527351      
   35.2407265      
   35.2407417      
   34.2796059      
   34.2795563      
   30.9914303      
   30.9913826      
   35.3489990      
   35.3487701      
   39.5512924      
   39.5406189      
   38.0511360      
   38.0496941      
   40.9016228      
   34.2547646      
   34.2541656      
   35.2396584      
   35.2413368      
   34.2766647      
   34.2765083      
   30.9883709      
   30.9891663      
   35.3474007      
   35.3478470      
   37.4524002      
   37.4529991      
   37.4526062      
   37.4524155      
   34.4277000      
   34.4276810      
   34.4275322      
   34.4277000      
   30.4850273      
   30.4842167      
   37.4349823      
   37.4366493      
   37.4542770      
   37.4585609      
   34.4234772      
   34.4201622      
   34.4218369      
   34.4171600      
   30.4821644      
   30.4787846      
   37.5110817      
   37.5108681      
   37.5104065      
   37.5105438      
   34.4088936      
   34.4088058      
   34.4088326      
   34.4087753      
   30.4771214      
   30.4768543      
   37.4472389      
   37.4556808      
   37.4640312      
   37.4741058      
   34.4374084      
   34.4404602      
   34.4366035      
   34.4333305      
   30.5038948      
   30.4923134      
   29.9999981      
   29.9998474      
   29.9998474      
   29.9998474      
   38.8992043      
   38.8993797      
   38.9003754      
   38.9008560      
   35.9656525      
   35.9656715      
   29.0182590      
   33.8621674      
   33.8626060      
   31.1234283      
   31.1228065      
   30.6606655      
   30.0001812      
   37.6016655      
   37.6018829      
   37.6020851      
   37.6011009      
   30.7376575      
   30.7376575      
   30.7455540      
   30.7465572      
   30.7378178      
   30.7378178      
   33.8324966      
   34.5984039      
   34.5986557      
