         258
         258
         258
         258
         258
         258
         258
         258
         258
         258
         258
         258
         258
         258
         258
         258
         258
         258
         258
         258
         258
         258
         270
         270
         270
         270
         270
         270
         270
         270
         270
         270
         270
         270
         270
         270
         270
         270
         270
         270
         270
         270
         270
         270
         270
         270
         270
         270
         270
         270
         270
         270
         270
         270
         270
         270
         270
         270
         444
         444
         444
         444
         444
         444
         444
         444
         444
         444
         444
         444
         444
         444
         444
         444
         444
         444
         444
         444
         444
         444
         444
         444
         444
         444
         444
         444
         444
         444
         444
         444
         444
         444
         444
         444
         444
         444
         444
         444
         444
         444
         444
         444
         444
         444
         480
         480
         480
         480
         480
         480
         480
         480
         480
         480
         480
         480
         480
         480
         480
         480
         480
         480
         480
         480
         480
         480
         480
         480
         480
         480
         480
         480
         480
         480
         480
         480
         480
         480
         480
         480
         480
         480
         480
         480
         480
         480
         480
         480
         480
         480
         480
         480
         480
         480
         480
         480
         334
         334
         334
         334
         334
         334
         334
         334
         334
         334
         334
         334
         334
         334
         334
         334
         334
         334
         334
         334
         334
         334
         334
         334
         334
         334
         334
         334
         334
         334
         212
         212
         212
         212
         212
         212
         212
         212
         212
         212
         212
         212
         212
         212
         212
         212
         212
         212
         212
         212
         212
         212
         212
         212
         212
         212
         212
         212
         212
         212
         212
         212
         232
         232
         232
         232
         232
         232
         232
         232
         232
         232
         232
         232
         232
         232
         232
         232
         232
         232
         232
         232
         232
         232
         232
         232
         232
         232
         232
         232
         232
         232
         232
         232
         232
         232
         232
         210
         210
         210
         210
         210
         210
         210
         210
         210
         210
         210
         210
         210
         210
         210
         210
         210
         210
         242
         242
         242
         242
         242
         242
         242
         242
         242
         242
         242
         242
         242
         242
         242
         242
         242
         242
         242
         242
         242
         242
         242
         242
         242
         242
         242
         242
         218
         218
         218
         218
         218
         218
         218
         218
         218
         218
         218
         218
         218
         218
         218
         218
         218
         218
         270
         270
         270
         270
         270
         270
         270
         270
         270
         270
         270
         270
         270
         270
         270
         270
         270
         270
         270
         270
         270
         270
         270
         270
         270
         270
         270
         270
         270
         270
         270
         270
         270
         270
         270
         248
         248
         248
         248
         248
         248
         248
         248
         248
         248
         248
         248
         248
         248
         248
         248
         248
         248
         248
         248
         248
         248
         248
         248
         248
         248
         248
         248
         248
         248
         248
         248
         248
         248
         248
         248
         248
         248
         248
         270
         270
         270
         270
         270
         270
         270
         270
         270
         270
         270
         270
         270
         270
         270
         270
         270
         270
         270
         270
         270
         270
         270
         270
         270
         270
         270
         270
         270
         270
         270
         270
         270
         270
         270
         282
         282
         282
         282
         282
         282
         282
         282
         282
         282
         282
         282
         282
         282
         282
         282
         282
         282
         274
         274
         274
         274
         274
         274
         274
         274
         274
         274
         274
         274
         274
         274
         274
         274
         274
         274
         274
         274
         274
         274
         274
         274
         274
         274
         274
         274
         274
         274
         274
         274
         274
         274
         274
         274
         274
         274
         258
         258
         258
         258
         258
         258
         258
         258
         258
         258
         258
         258
         258
         258
         258
         258
         258
         278
         278
         278
         278
         278
         278
         278
         278
         278
         278
         278
         278
         278
         278
         278
         278
         278
         278
         278
         278
         278
         278
         278
         278
         278
         278
         278
         278
         444
         444
         444
         444
         444
         444
         444
         444
         444
         444
         444
         444
         444
         444
         444
         444
         444
         444
         444
         444
         444
         444
         444
         444
         444
         444
         444
         444
         444
         444
         444
         444
         444
         444
         444
         224
         224
         224
         224
         224
         224
         224
         224
         224
         224
         224
         224
         224
         224
         224
         224
         224
         224
         224
         224
         224
         224
         224
         224
         224
         224
          48
          48
          48
          48
          48
          48
          48
          48
          48
          48
          48
          48
          48
          48
          48
          48
          48
          48
          48
          48
          48
          48
          48
          48
          48
          48
          48
          48
          48
          48
          48
          48
          48
          48
          50
          50
          50
          50
          50
          50
          50
          50
          50
          50
          48
          48
          48
          48
          48
          48
          48
          48
          54
          54
          54
          54
          54
          54
          54
          54
          54
          54
          54
          54
          54
          54
          56
          56
          56
          56
          56
          56
          56
          56
          56
          56
          54
          54
          54
          54
          54
          54
          54
          54
          54
          54
          54
          54
          54
          36
          36
          42
          42
          42
          42
          42
          42
          42
          42
          42
          42
          42
          42
          42
          42
          42
          42
          42
          42
          42
          42
          42
          42
          42
          42
          44
          44
          44
          44
          44
          44
          44
          44
          44
          44
          44
          44
          46
          46
          46
          46
          46
          46
          46
          46
          46
          46
          46
          46
          46
          46
          46
          46
          46
          46
          46
          46
          44
          44
          44
          44
          44
          44
          44
          44
          54
          54
          54
          54
          54
          54
          54
          54
          54
          54
          54
          54
          54
          54
          54
          54
          54
          54
          54
          54
          54
          54
          54
          60
          60
          60
          60
          60
          60
          54
          54
          54
          54
          54
          54
          54
          54
          54
          54
          54
          54
          50
          50
          50
          50
          50
          50
          50
          50
          50
          50
          50
          50
          50
          58
          58
          58
          58
          58
          58
          58
          58
          58
          58
          58
          58
          58
          58
          58
          58
          58
          58
          58
          58
          58
          58
          58
          58
          58
          58
          62
          62
          62
          62
          62
          62
          62
          62
          62
          62
          62
          62
          62
          62
          62
          62
          62
          62
          62
          62
          62
          62
          62
          62
          62
          62
          62
          62
          62
          62
          62
          62
          62
          62
          62
          62
          62
          62
          62
          62
          60
          60
          60
          60
          60
          60
          60
          60
          60
          60
          60
          60
          60
          60
          60
          60
          60
          60
          60
          60
          70
          70
          70
          70
          70
          70
          70
          70
          70
          70
          70
          70
          70
          70
          70
          70
          70
          70
          70
          70
          70
          70
          70
          70
          70
          70
          76
          76
          76
          76
          76
          76
          84
          84
          84
          84
          82
          82
          82
          82
          82
          82
          82
          82
          82
          76
          76
          76
          76
          76
          76
          76
          76
          76
          76
          76
          76
          76
          76
          76
          76
          76
          76
          76
          76
          76
          76
          76
          76
          76
          76
          76
          76
          76
          76
          76
          76
          76
          76
          76
          76
          76
          76
          76
          76
          76
          76
          84
          84
          84
          84
          84
          84
          84
          84
          84
          84
          84
          84
          84
          84
          84
          84
          84
          84
          84
          84
          84
          84
          84
          84
          84
          84
          84
          84
          84
          84
          84
          84
          84
          84
          84
          84
          84
          84
          84
          84
          84
          84
          84
          84
          94
          94
          94
          94
          94
          94
          94
          94
          94
          94
          94
          94
          94
          94
          94
          94
          94
          94
          94
          94
          94
          94
          94
          94
          94
          94
          80
          80
          80
          80
          80
          80
          80
          80
          80
          80
          80
          80
          80
          80
          80
          80
          80
          80
          80
          80
          80
          80
          80
          80
          80
          80
          80
          80
          80
          80
          80
          80
          80
          80
          80
          80
          80
          80
          80
          80
          80
          80
          80
          80
          80
          90
          90
          90
          90
          90
          90
          90
          90
          90
          90
          90
          90
          90
          90
          90
          90
          90
          90
          90
          90
          90
          90
          90
          90
          90
          90
         102
         102
         102
         102
         102
         102
         102
         102
         102
         102
         102
         102
         102
         102
         102
          90
          90
          90
          90
          90
          90
          90
          90
          90
          90
          90
          90
          90
          90
          90
          90
          90
          90
          90
          90
          90
          90
          90
          90
          90
          90
          90
          90
          90
          90
          90
          90
          90
          90
          90
          90
         102
         102
         102
         102
         102
         102
         102
         102
         102
         102
         102
         102
         102
         102
         102
         102
         102
         102
         102
         102
         102
         102
         102
         102
         102
         102
         102
         102
         102
         102
         102
         102
         102
         102
         102
         102
         102
         102
         102
         102
         102
         102
         102
         102
         102
         102
         102
         102
         102
         102
         102
         102
         112
         112
         112
         112
         112
         112
         112
         112
         112
         112
         112
         112
         112
         112
         112
         112
         112
         112
         112
         112
         112
         112
         112
         112
         112
         112
         112
         112
         112
         112
         112
         112
         112
         112
         112
         112
         112
         112
         112
         112
         112
         112
         112
         112
         112
         112
         112
         112
         112
         112
         112
         112
         112
         112
         112
         112
         112
         112
         112
         112
         112
         112
         112
         112
         112
         112
         112
         112
         112
         112
         112
         112
         112
         112
         112
         112
         112
         112
         112
         112
         108
         108
         108
         108
         108
         108
         108
         108
         108
         108
         108
         108
         108
         108
         108
         108
         108
         108
         108
         108
         108
         108
         108
         108
         106
         106
         106
         106
         106
         106
         106
         106
         106
         106
         106
         106
         106
         106
         106
         106
         106
         106
         106
         106
         106
         106
         106
         106
         106
         106
         106
         106
         106
         106
         106
         106
         124
         124
         124
         124
         124
         124
         124
         124
         124
         124
         124
         124
         124
         124
         124
         124
         124
         124
         124
         124
         124
         124
         124
         124
         124
         124
         124
         124
         124
         124
         124
         124
         124
         124
         124
         124
         124
         124
         124
         124
         124
         124
         124
         124
         124
         124
         124
         124
         124
         124
         120
         120
         120
         120
         120
         120
         120
         120
         120
         120
         120
         120
         120
         120
         120
         120
         120
         120
         120
         120
         120
         120
         120
         120
         120
         120
         120
         120
         120
         120
         120
         120
         120
         120
         120
         120
         120
         120
         120
         124
         124
         124
         124
         124
         124
         124
         124
         124
         124
         124
         124
         124
         124
         124
         124
         124
         124
         124
         124
         124
         124
         124
         124
         124
         124
         124
         124
         124
         124
         124
         124
         124
         124
         124
         124
         124
         124
         124
         124
         124
         124
         124
         124
         124
         124
         124
         124
         124
         124
         124
         124
         128
         128
         128
         128
         128
         128
         128
         128
         128
         128
         128
         128
         128
         128
         128
         128
         128
         128
         128
         128
         128
         128
         128
         128
         128
         128
         128
         128
         128
         128
         128
         128
         128
         128
         128
         126
         126
         126
         126
         126
         126
         126
         126
         126
         126
         126
         126
         126
         126
         126
         126
         126
         126
         126
         126
         126
         126
         128
         128
         128
         128
         128
         128
         128
         128
         128
         128
         128
         128
         128
         128
         128
         128
         128
         128
         128
         128
         128
         128
         126
         126
         126
         126
         126
         126
         126
         126
         126
         126
         126
         126
         126
         126
         126
         126
         126
         126
         126
         126
         126
         126
         126
         126
         126
         126
         126
         126
         126
         126
         126
         126
         126
         126
         126
         126
         126
         126
         126
         126
         126
         126
         126
         126
         120
         120
         120
         120
         120
         120
         120
         120
         120
         120
         120
         120
         120
         120
         120
         120
         120
         120
         124
         124
         124
         124
         124
         124
         124
         124
         124
         124
         124
         124
         124
         124
         124
         124
         124
         124
         124
         124
         124
         124
         124
         124
         124
         124
         124
         124
         124
         134
         134
         134
         134
         134
         134
         134
         134
         134
         134
         134
         134
         134
         134
         134
         134
         134
         134
         134
         134
         134
         134
         138
         138
         138
         138
         138
         138
         138
         138
         138
         138
         138
         138
         138
         138
         138
         138
         138
         138
         138
         138
         138
         138
         138
         138
         138
         138
         138
         138
         138
         138
         138
         138
         138
         138
         136
         136
         136
         136
         136
         136
         136
         136
         136
         136
         136
         136
         136
         136
         136
         136
         136
         136
         136
         136
         136
         136
         136
         136
         136
         136
         136
         136
         136
         136
         136
         136
         136
         136
         136
         136
         136
         136
         136
         136
         136
         136
         136
         136
         136
         136
         136
         136
         136
         136
         136
         136
         136
         136
         136
         136
         136
         136
         136
         136
          12
          12
          12
          12
          18
          18
          18
          18
          24
          24
          24
          22
          22
          22
          30
          30
          28
          28
          28
          30
          38
          38
          38
          38
          38
          38
          34
          34
          34
          34
          34
          34
          36
          36
          36
          36
          36
