   1.63290346     
   1.63290691     
   1.64614904     
   1.64612031     
   1.79508793     
   1.79508603     
   1.59956849     
   1.59956670     
   1.65295279     
   1.65294755     
   1.90310431     
   1.90309799     
   1.60355866     
   1.60354984     
   1.70758283     
   1.70758700     
   1.56620252     
   1.56620431     
   1.66505945     
   1.66506338     
   1.64630270     
   1.64629912     
   2.03334928     
   2.03334928     
   2.02361178     
   2.02361178     
   2.18280864     
   1.45481777     
   1.45482993     
   1.45488703     
   1.58463097     
   1.58463204     
   1.58467031     
   1.58466458     
   1.60229242     
   1.60228860     
   1.60228932     
   1.60219884     
   2.21487045     
   2.21433043     
   1.76573813     
   1.76573324     
   1.76553512     
   1.76553309     
   1.98953462     
   1.71278822     
   1.71278822     
   1.71276736     
   1.71276736     
   1.60538888     
   1.60537362     
   2.08891559     
   2.08883142     
   1.71313202     
   1.71326160     
   1.77517021     
   1.77507770     
   1.98947835     
   1.56639457     
   1.56636262     
   1.56638992     
   1.56637669     
   1.53316486     
   1.53363967     
   1.53364992     
   1.53369665     
   1.90139055     
   1.90141666     
   1.90140295     
   1.90148747     
   1.78994215     
   1.78994727     
   1.78997183     
   1.78993595     
   1.63330388     
   1.63330626     
   1.63331223     
   1.63331449     
   1.77598190     
   1.77589929     
   1.69378841     
   1.69380069     
   1.69380212     
   1.69367278     
   1.83459258     
   1.83459306     
   1.83458424     
   1.83455706     
   1.94753802     
   1.94788325     
   1.75212359     
   1.75213671     
   1.77798259     
   1.77798080     
   1.77797246     
   1.77796531     
   1.78722227     
   1.78722322     
   1.78721821     
   1.78722405     
   1.73753881     
   1.73754227     
   1.80241084     
   1.80240202     
   2.16735888     
   2.16735959     
   2.16736126     
   2.16736078     
   2.16736293     
   2.16736126     
   2.16736197     
   2.16737127     
   2.16736007     
   2.16734505     
   2.16734600     
   2.16736269     
   1.75474417     
   1.75474441     
   1.75474441     
   1.75474501     
   1.72495735     
   1.72495639     
   1.72496247     
   1.72496116     
   1.72495604     
   1.72496164     
   1.72496438     
   1.72495735     
   1.72496474     
   1.72496438     
   1.72495663     
   1.72495639     
   1.76127708     
   1.76127744     
   1.76127708     
   1.76127660     
   1.76127648     
   1.76127565     
   1.76127756     
   1.76127779     
   1.76127660     
   1.76127422     
   1.76127756     
   1.76127625     
   1.72346306     
   1.72346389     
   1.72346354     
   1.72346354     
   1.72346401     
   1.72346318     
   1.72346151     
   1.72346282     
   1.72346485     
   1.72346389     
   1.72346354     
   1.72346306     
   1.74706161     
   1.74722886     
   1.76816142     
   1.76817536     
   1.76817703     
   1.76817739     
   1.70428598     
   1.70430100     
   1.70426643     
   1.70420527     
   1.66763997     
   1.66767097     
   1.66762781     
   1.66773665     
   1.81480145     
   1.81480157     
   1.60961390     
   1.60961020     
   1.60961902     
   1.60962713     
   1.68051708     
   1.68051326     
   1.68052351     
   1.68051732     
   1.71710598     
   1.71710992     
   1.74027562     
   1.74027681     
   1.74030018     
   1.74028146     
   1.74167871     
   1.74168372     
   1.74505293     
   1.74507272     
   1.74505186     
   1.74505007     
   1.68176317     
   1.68176413     
   1.64062560     
   1.64062738     
   1.64062691     
   1.64062881     
   1.58576536     
   1.58577681     
   1.58576989     
   1.58577228     
   1.65513587     
   1.65514004     
   1.70244074     
   1.70244169     
   1.70246398     
   1.70244050     
   1.54824173     
   1.54824364     
   1.54824317     
   1.54823065     
   1.68201399     
   1.68201375     
   1.87251902     
   1.87252474     
   1.96570945     
   1.96568501     
   1.94412410     
   1.62803590     
   1.62800860     
   1.67499268     
   1.67499197     
   1.73855436     
   1.73855662     
   1.77765226     
   1.77765298     
   1.69330215     
   1.69331574     
   1.72359586     
   1.72359216     
   1.70438385     
   1.65736699     
   1.65736568     
   1.80276620     
   1.80297101     
   1.65110004     
   1.65109980     
   1.81720972     
   1.67827582     
   1.62433183     
   1.62432563     
   1.78586900     
   1.68356323     
   2.03560853     
   1.75386226     
   1.75386000     
   1.67075348     
   1.67075920     
   1.68714213     
   1.68714201     
   1.60227776     
   1.60227835     
   1.76479721     
   1.76478744     
   1.76478899     
   1.76478696     
   1.76478899     
   1.76475036     
   1.76478386     
   1.76477921     
   2.10837293     
   2.10838294     
   2.10838199     
   2.10838151     
   2.10838294     
   2.10838032     
   2.10835457     
   2.10838318     
   1.76077986     
   1.76079714     
   1.72984600     
   1.72985399     
   1.72984910     
   1.72985876     
   1.72985971     
   1.72985041     
   1.72986102     
   1.72985208     
   1.79436874     
   1.79436922     
   1.79436815     
   1.79436886     
   1.65567350     
   1.65567017     
   1.65567791     
   1.65567112     
   1.60507143     
   1.60507298     
   1.60507536     
   1.60507250     
   1.60507238     
   1.60506892     
   1.60507250     
   1.60506904     
   1.69691825     
   1.69692028     
   1.69692171     
   1.69692242     
   1.59197581     
   1.59222472     
   1.98435366     
   1.98435330     
   1.98424995     
   1.98425210     
   1.70302248     
   1.70302570     
   1.77277374     
   1.77279198     
   1.77278769     
   1.77278888     
   1.41985142     
   1.41984439     
   1.71354687     
   1.71354437     
   1.71365452     
   1.71365094     
   2.02652359     
   2.02652359     
   2.02652359     
   2.02652359     
   2.18132806     
   1.45591521     
   1.45595860     
   1.58713353     
   1.58718920     
   1.58720350     
   1.58720922     
   1.60227227     
   1.60226989     
   1.60227406     
   1.60227334     
   2.21467948     
   2.21469784     
   1.76703346     
   1.76702905     
   1.76703084     
   1.76702583     
   1.98920655     
   1.71302164     
   1.71302116     
   1.71302116     
   1.71302116     
   1.60439515     
   1.60438967     
   2.08945823     
   2.08945918     
   1.71246278     
   1.71244657     
   1.77460086     
   1.77460074     
   1.98920655     
   2.26030159     
   1.50108564     
   1.50110507     
   1.50109041     
   1.50117171     
   1.98175347     
   1.98176146     
   1.98174751     
   1.98174393     
   1.76666057     
   1.76667535     
   1.76667535     
   1.76666093     
   1.90919709     
   1.90919507     
   1.66006315     
   1.66006804     
   1.66006207     
   1.66006136     
   1.76009500     
   1.76009476     
   1.62630486     
   1.62630820     
   1.62629843     
   1.62630892     
   1.84052801     
   1.84053481     
   2.10137892     
   2.10137916     
   2.10137868     
   2.10137892     
   1.88076699     
   1.88076973     
   1.69909322     
   1.69909322     
   1.68684101     
   1.68684089     
   1.68685818     
   1.68684030     
   1.92591262     
   1.92591357     
   2.17624569     
   1.45427883     
   1.45429540     
   1.45543170     
   1.45563781     
   1.58421278     
   1.58420157     
   1.58620501     
   1.58625507     
   1.60282338     
   1.60282362     
   1.60175848     
   1.60175717     
   2.22533917     
   2.20460677     
   1.76867950     
   1.76867998     
   1.76263249     
   1.76263344     
   1.98907828     
   1.71248984     
   1.71250212     
   1.71306562     
   1.71306586     
   1.60557270     
   1.60558176     
   2.08932662     
   2.08854532     
   1.71165872     
   1.71486211     
   1.77671683     
   1.77341664     
   1.98863995     
   1.78829288     
   1.78828084     
   1.77360320     
   1.77358150     
   1.77360690     
   1.77358985     
   1.75634885     
   1.75634801     
   1.75634885     
   1.75635076     
   1.80212367     
   1.80211782     
   1.80212355     
   1.80212367     
   1.77475190     
   1.77474427     
   1.77475393     
   1.77475393     
   2.24357224     
   2.24359632     
   1.84976029     
   1.84975755     
   1.77950299     
   1.77950132     
   1.67318034     
   1.67318535     
   1.67318165     
   1.67314053     
   1.68241763     
   1.68241894     
   1.68241620     
   1.68241751     
   2.26792264     
   2.26792502     
   1.63631797     
   1.63645291     
   1.63634372     
   1.63632715     
   1.54541814     
   1.54540598     
   1.54539001     
   1.54540372     
   1.97891414     
   1.97887456     
   1.97886992     
   1.97889924     
   1.88157928     
   1.88156664     
   1.88157153     
   1.88157725     
   1.67981482     
   1.67981529     
   1.67981541     
   1.67981350     
   1.80037725     
   1.80037808     
   2.08171606     
   2.08171606     
   2.08171558     
   2.08171558     
   2.00888252     
   2.00884366     
   2.00884366     
   2.00893402     
   2.15552092     
   1.97177529     
   1.97176695     
   1.97176695     
   1.97176874     
   1.74023128     
   1.74023128     
   1.74022543     
   1.74022543     
   1.66025805     
   1.66025603     
   1.82844734     
   1.82844198     
   1.61815107     
   1.61814713     
   1.48177111     
   1.48171258     
   1.52366149     
   1.52370930     
   1.51566398     
   1.51565170     
   1.62245154     
   1.62245929     
   1.66124761     
   1.66124463     
   1.72012174     
   1.72012615     
   1.66114318     
   1.66109383     
   1.56529140     
   1.56529152     
   1.67180598     
   1.67182600     
   1.73441696     
   1.73441958     
   1.73254251     
   1.73254561     
   1.60540533     
   1.72295785     
   1.59223557     
   1.74176586     
   1.80016077     
   1.65537107     
   1.77334893     
   1.79022646     
   1.85319388     
   1.55440557     
   1.84179950     
   1.70296204     
   1.63855231     
   1.79272795     
   1.79482615     
   1.84055698     
   1.82277000     
   1.79347444     
   1.61405683     
   1.73018134     
   1.72095788     
   1.79678023     
   1.82685757     
   1.75129461     
   1.71154630     
   1.70183086     
   1.68229210     
   1.77620721     
   1.80885959     
   1.68643630     
   1.70237124     
   1.72950017     
   1.73660779     
   1.73680568     
   1.72078073     
   1.65471709     
   1.65412712     
   1.70032370     
   1.70032704     
   1.59128487     
   1.59164155     
   1.54903066     
   1.54903305     
   1.67068434     
   1.67068565     
   1.60938466     
   1.60938358     
   1.77041149     
   1.77041197     
   1.69986629     
   1.69987118     
   1.83572161     
   1.83573222     
   1.55847549     
   1.55847621     
   1.65350211     
   1.65352106     
   1.56587970     
   1.56587577     
   1.65952718     
   1.65952456     
   1.58252108     
   1.58252072     
   1.58250546     
   1.64234269     
   1.64234209     
   1.64236367     
   1.64234328     
   1.64236808     
   1.64234233     
   1.74609303     
   1.74609435     
   1.74610329     
   1.58228445     
   1.58230436     
   1.58261478     
   1.64247048     
   1.64229476     
   1.64247000     
   1.64242816     
   1.64197111     
   1.64211023     
   1.74575210     
   1.74581277     
   1.74645960     
   1.79736197     
   1.79736149     
   1.79732728     
   1.79735696     
   1.79735684     
   1.79735386     
   1.59074366     
   1.59077132     
   1.59073603     
   1.76205659     
   1.79767656     
   1.79851913     
   1.79172492     
   1.79151201     
   1.80162191     
   1.80219150     
   1.58997869     
   1.58987415     
   1.59454882     
   1.76177990     
   1.89515865     
   1.89514697     
   1.89514697     
   1.89514697     
   1.89518070     
   1.89533091     
   1.89474952     
   1.89514697     
   1.82336497     
   1.82339215     
   1.82336199     
   1.82334983     
   1.82336009     
   1.82336199     
   1.95647705     
   1.95645642     
   2.09801817     
   2.09801841     
   2.09801006     
   2.09797621     
   2.09799743     
   2.09800720     
   1.91164970     
   1.91166222     
   1.70289862     
   1.70281982     
   1.70278203     
   1.70267570     
   1.91004992     
   1.90991199     
   1.65213108     
   1.65203249     
   1.74079895     
   1.74078596     
   1.74071431     
   1.74079239     
   1.74079156     
   1.74079108     
   1.71704161     
   1.71704054     
   1.71703947     
   1.71702838     
   1.71705222     
   1.71703994     
   2.19441438     
   1.82683134     
   1.82683146     
   1.63587141     
   1.63587153     
   1.63587093     
   1.63586521     
   1.63587224     
   1.63587141     
   1.76038063     
   1.76036716     
   1.76037896     
   1.76036191     
   1.76035416     
   1.76038158     
   1.63555682     
   1.63559008     
   1.63577306     
   1.63585103     
   1.63605952     
   1.63611019     
   1.75999069     
   1.76014125     
   1.76024485     
   1.76004946     
   1.76022398     
   1.76019681     
   1.57246065     
   1.57244420     
   1.70786464     
   1.70786273     
   1.66876149     
   1.66876256     
   1.57259190     
   1.57251704     
   1.70750999     
   1.70743740     
   1.66879797     
   1.66881931     
   1.67008173     
   1.67011094     
   1.63135457     
   1.63136685     
   1.79349792     
   1.79351270     
   1.79367280     
   1.79367113     
   1.94571197     
   1.93992960     
   1.67008173     
   1.67011094     
   1.63135445     
   1.63136685     
   1.79349792     
   1.79351211     
   1.79367197     
   1.79367006     
   1.94571209     
   1.93992960     
   1.75623488     
   1.75624144     
   1.75623643     
   1.75623631     
   1.75636208     
   1.75628150     
   1.75613141     
   1.75608790     
   1.74133849     
   1.74096537     
   1.74094951     
   1.74133301     
   1.74097431     
   1.74095678     
   1.71701133     
   1.71655571     
   1.71720314     
   1.71762311     
   1.71738029     
   1.71693599     
   1.45552683     
   1.54576683     
   1.69233680     
   1.59208536     
   1.63406432     
   1.55147755     
   1.81679738     
   1.81934428     
   1.69044590     
   1.77539623     
   1.71725070     
   1.82963002     
   1.82963002     
   1.82698762     
   1.82663715     
   1.82728243     
   1.82792020     
   1.74008036     
   1.74008012     
   1.73991597     
   1.73991573     
   1.74048483     
   1.74050975     
   1.71890473     
   1.71553266     
   1.71780050     
   1.71780181     
   1.71596682     
   1.71595347     
   1.58499932     
   1.60909867     
   1.79982316     
   1.66493487     
   1.64652538     
   1.66773999     
   1.66203618     
   1.65526140     
   1.60261893     
   1.77509642     
   1.75762618     
   1.72269523     
   1.71872687     
   1.76831686     
   1.61986232     
   1.61987364     
   1.82245028     
   1.82244349     
   1.74660742     
   1.74660873     
   2.24311018     
   1.72092617     
   1.72091055     
   1.77114820     
   1.78696811     
   1.78696334     
   1.76764905     
   1.61980081     
   1.61975634     
   1.82289064     
   1.82335901     
   1.74648368     
   1.74686897     
   2.24290180     
   1.72115791     
   1.72145283     
   1.77011085     
   1.78649032     
   1.78656471     
   1.62577093     
   1.62589526     
   1.56182909     
   1.56184232     
   1.53141618     
   1.80363405     
   1.73814893     
   1.73814905     
   1.72557664     
   1.72557735     
   1.62483132     
   1.62668109     
   1.56202924     
   1.56203353     
   1.53120983     
   1.80368137     
   1.73821056     
   1.73803747     
   1.72557414     
   1.72541082     
   1.82339513     
   1.50604737     
   1.50604630     
   1.74252450     
   1.74255157     
   1.67884707     
   1.67884469     
   1.76611555     
   1.62496495     
   1.62495661     
   1.81955540     
   1.50627029     
   1.50485837     
   1.75165546     
   1.73561668     
   1.67780864     
   1.67912328     
   1.77021074     
   1.62283492     
   1.62448835     
   1.72613943     
   1.72956860     
   1.82552052     
   1.82551277     
   2.00609708     
   2.20544744     
   1.71936083     
   1.71936035     
   1.69330764     
   1.69330537     
   1.72919726     
   1.72524846     
   1.82353282     
   1.82597220     
   2.00176191     
   2.20443726     
   1.71750891     
   1.71953988     
   1.69116104     
   1.69396269     
   1.68834972     
   1.68834341     
   1.73495209     
   1.75254047     
   1.77668238     
   1.77670336     
   1.73637414     
   1.73637772     
   2.23232913     
   1.79065597     
   1.51834691     
   1.81064785     
   1.81064868     
   1.68810666     
   1.68835628     
   1.73542154     
   1.75193131     
   1.77704918     
   1.77704406     
   1.73635399     
   1.73634863     
   2.23231626     
   1.78972673     
   1.51858330     
   1.81069207     
   1.81043577     
   1.87331271     
   1.44066703     
   1.44067645     
   1.63285065     
   1.66249764     
   1.66250122     
   1.60951924     
   1.60952246     
   1.60949802     
   1.60965967     
   1.67318606     
   1.62854648     
   1.53746045     
   1.70392215     
   1.72671139     
   1.67252839     
   1.38543749     
   1.55782700     
   1.62918961     
   2.23004627     
   1.42886448     
   1.43496430     
   1.87380397     
   1.59535789     
   1.74392891     
   1.68341589     
   1.78631151     
   1.83021176     
   1.53302383     
   1.66724551     
   1.78865778     
   1.61101830     
   1.61100245     
   1.66572404     
   1.66572285     
   1.71160686     
   1.71160877     
   1.71322322     
   1.71322882     
   1.82532203     
   1.66741359     
   1.66741741     
   1.84401762     
   1.95510006     
   1.80990410     
   1.80990899     
   1.61100423     
   1.60874712     
   1.66655266     
   1.66314876     
   1.71243680     
   1.71337581     
   1.71314514     
   1.71401489     
   1.82570779     
   1.66735995     
   1.66890204     
   1.84381616     
   1.95352781     
   1.80939460     
   1.80977976     
   1.97124910     
   1.97124815     
   1.64588153     
   1.64587724     
   1.64588130     
   1.64588296     
   1.64587510     
   1.64588082     
   1.64593565     
   1.64592731     
   1.64594781     
   1.64594674     
   1.64592934     
   1.64594853     
   1.81327307     
   1.81327605     
   1.70311189     
   1.70311356     
   1.70311451     
   1.70311356     
   1.70310760     
   1.70310986     
   1.97109556     
   1.97100544     
   1.64569557     
   1.64577281     
   1.64578760     
   1.64560962     
   1.64589703     
   1.64576292     
   1.64570570     
   1.64582992     
   1.64582622     
   1.64592969     
   1.64600408     
   1.64604366     
   1.81296003     
   1.81300581     
   1.70278680     
   1.70289731     
   1.70282054     
   1.70292497     
   1.70282400     
   1.70290518     
   1.57706857     
   1.57702816     
   1.83537769     
   1.75280929     
   1.52479112     
   1.52479124     
   1.77416170     
   1.60223329     
   1.60222185     
   1.65012121     
   1.65012074     
   1.73592293     
   1.73594618     
   1.57705319     
   1.57703924     
   1.83536363     
   1.75294065     
   1.52478707     
   1.52478862     
   1.77415884     
   1.60222757     
   1.60224819     
   1.65013993     
   1.65009570     
   1.73594379     
   1.73594701     
   1.74229360     
   1.74229097     
   2.21892333     
   2.21892309     
   1.69814217     
   1.69814217     
   1.69814217     
   1.69814396     
   1.76779580     
   1.76779294     
   1.74185216     
   1.74185729     
   1.74185503     
   1.74185503     
   1.66828668     
   1.66830218     
   1.66828442     
   1.66834140     
   1.70605385     
   1.70602763     
   1.89548814     
   1.89549041     
   1.84814155     
   1.74216056     
   1.74212432     
   2.21880579     
   2.21887851     
   1.69783688     
   1.69790411     
   1.69802058     
   1.69808090     
   1.76751959     
   1.76753533     
   1.74180889     
   1.74181533     
   1.74175537     
   1.74174762     
   1.66856909     
   1.66856837     
   1.66904175     
   1.66902268     
   1.70562589     
   1.70545530     
   1.89556897     
   1.89542556     
   1.78604817     
   1.76381707     
   1.70133376     
   1.70133698     
   1.51736867     
   1.51735234     
   1.59674990     
   1.59675193     
   1.84462953     
   1.76949716     
   1.76947701     
   1.56466866     
   1.56467354     
   1.78605151     
   1.76386940     
   1.70131683     
   1.70138645     
   1.51732063     
   1.51735032     
   1.59677243     
   1.59678221     
   1.84461617     
   1.76942825     
   1.76947224     
   1.56464267     
   1.56465340     
   1.40249467     
   1.53599250     
   1.74364293     
   1.60026801     
   1.59145141     
   1.73144233     
   1.74334300     
   1.62251127     
   1.59795344     
   1.68812537     
   1.75173569     
   1.63560581     
   1.62726426     
   1.50385690     
   1.49754691     
   2.03682041     
   2.03664064     
   2.03717470     
   2.03706908     
   2.03707194     
   2.03719211     
   1.65139961     
   1.65139890     
   1.65139997     
   1.65140164     
   1.65140021     
   1.65137684     
   1.76860118     
   1.61962247     
   1.61961937     
   1.61961985     
   2.38548255     
   1.84025514     
   2.03688288     
   2.03565979     
   2.03677678     
   2.03607011     
   2.03892016     
   2.03799438     
   1.65132415     
   1.65152717     
   1.65144813     
   1.65162766     
   1.65182197     
   1.65181136     
   1.76866329     
   1.61976647     
   1.61979175     
   1.61997759     
   2.38537502     
   1.84047914     
   1.74475729     
   1.57698381     
   1.66214085     
   1.76391637     
   1.71528459     
   1.71528900     
   1.67839193     
   1.67839026     
   1.49632227     
   1.49634278     
   1.61359072     
   1.61358941     
   2.33587408     
   1.74476826     
   1.57689035     
   1.66208363     
   1.76390266     
   1.71530390     
   1.71530831     
   1.67839801     
   1.67841148     
   1.49632132     
   1.49633896     
   1.61359000     
   1.61362255     
   2.33587122     
   1.74455035     
   1.57714534     
   1.66125786     
   1.76390851     
   1.71546543     
   1.71546805     
   1.67846012     
   1.67845833     
   1.49605322     
   1.49606240     
   1.61404455     
   1.61404455     
   2.33565640     
   1.74506080     
   1.57712233     
   1.66206050     
   1.76398826     
   1.71531653     
   1.71537280     
   1.67830050     
   1.67842662     
   1.49633896     
   1.49633694     
   1.61336887     
   1.61377728     
   2.33558750     
   1.53572607     
   1.53572679     
   1.53482139     
   1.53483224     
   1.53482080     
   1.53481627     
   1.53448570     
   1.53448927     
   1.74555290     
   1.74555266     
   1.74555027     
   1.74555290     
   1.74628758     
   1.74628735     
   1.74629462     
   1.74628985     
   1.71153140     
   1.71152651     
   1.71152413     
   1.71152401     
   1.70922911     
   1.70923007     
   1.70923281     
   1.70923221     
   2.16744637     
   2.18177819     
   1.53564417     
   1.53558171     
   1.53485191     
   1.53482485     
   1.53473282     
   1.53473496     
   1.53393948     
   1.53405309     
   1.74546647     
   1.74551558     
   1.74565792     
   1.74570751     
   1.74628818     
   1.74637747     
   1.74611104     
   1.74621046     
   1.71113300     
   1.71116614     
   1.71107090     
   1.71109164     
   1.70917201     
   1.70908821     
   1.70915186     
   1.70909238     
   2.16792870     
   2.18192482     
   1.50141335     
   1.50137079     
   1.50141442     
   1.50141966     
   1.54345250     
   1.54345381     
   1.54345465     
   1.54344571     
   2.01550817     
   2.01550317     
   1.74133098     
   1.74133289     
   1.74133539     
   1.74133193     
   1.50125885     
   1.50124907     
   1.50173020     
   1.50169241     
   1.54404628     
   1.54418337     
   1.54447103     
   1.54458237     
   2.01365924     
   2.01346374     
   1.74190772     
   1.74191475     
   1.74199963     
   1.74200547     
   1.75161159     
   1.75160992     
   1.65138268     
   1.65138412     
   1.65138483     
   1.65138507     
   1.68120611     
   1.68120813     
   2.13051677     
   2.13052011     
   2.07227659     
   2.07227898     
   1.75206697     
   1.75201929     
   1.65098083     
   1.65104318     
   1.65114987     
   1.65118647     
   1.68233585     
   1.68232286     
   2.12985897     
   2.12984276     
   2.07014251     
   2.07038116     
   1.63849378     
   1.63851166     
   1.63848829     
   1.63851535     
   1.60210419     
   1.60210252     
   1.60210299     
   1.60211825     
   1.59622931     
   1.59623086     
   1.59623098     
   1.59623146     
   1.70903957     
   1.70904648     
   1.59074509     
   1.59074616     
   1.63848245     
   1.63848507     
   1.63906646     
   1.63906515     
   1.60435891     
   1.60436177     
   1.60292327     
   1.60292053     
   1.59556413     
   1.59556377     
   1.59684277     
   1.59684420     
   1.70776594     
   1.70775223     
   1.59058690     
   1.59058833     
   1.66032088     
   1.66026413     
   1.66029346     
   1.66032314     
   1.73869157     
   1.73870420     
   1.73867750     
   1.73868668     
   1.77439988     
   1.77439523     
   1.69492948     
   1.69493067     
   2.16189456     
   1.67854488     
   1.67854285     
   1.67854548     
   1.67854524     
   1.62159407     
   1.62159574     
   1.70236981     
   1.70240021     
   1.55109382     
   1.55109406     
   1.55109298     
   1.55109203     
   1.66028738     
   1.66029489     
   1.66023815     
   1.66025710     
   1.73873556     
   1.73872435     
   1.73872590     
   1.73875606     
   1.77429676     
   1.77428031     
   1.69492817     
   1.69490683     
   2.16197801     
   1.67869854     
   1.67868650     
   1.67870104     
   1.67871952     
   1.62173212     
   1.62173486     
   1.70259380     
   1.70258045     
   1.55100203     
   1.55100429     
   1.55096853     
   1.55098844     
   1.64299965     
   1.64306176     
   1.64931297     
   1.64931464     
   1.64931023     
   1.64931393     
   1.78996897     
   1.78996038     
   1.78996921     
   1.78996503     
   1.63636017     
   1.63636410     
   1.57840180     
   1.57842791     
   1.57841992     
   1.57841790     
   1.72346187     
   1.72346175     
   1.71240735     
   2.14690113     
   1.66319168     
   1.66229343     
   1.73579705     
   1.73612857     
   1.67954326     
   2.14440370     
   1.70160484     
   1.70026565     
   1.77269721     
   1.77142894     
   1.72329128     
   1.72196221     
   1.83848119     
   1.83757234     
   1.68130744     
   1.68017089     
   1.70096266     
   1.70139217     
   1.59991610     
   1.63633871     
   1.63637102     
   1.63633966     
   1.63638353     
   1.57305753     
   1.57306123     
   1.57305944     
   1.57306302     
   1.97732806     
   1.97732544     
   1.62405121     
   1.62405264     
   1.62405002     
   1.62405038     
   1.65846181     
   1.65846062     
   1.65849674     
   1.65849531     
   1.75124705     
   1.75124443     
   1.75124907     
   1.75124741     
   1.70157516     
   1.70158136     
   1.71442509     
   1.71440768     
   1.63791144     
   1.63789296     
   1.63789070     
   1.63789070     
   1.57268894     
   1.57268703     
   1.57267308     
   1.57268214     
   1.97737110     
   1.97740209     
   1.62419760     
   1.62420201     
   1.62418938     
   1.62419236     
   1.65854001     
   1.65852690     
   1.65855575     
   1.65852785     
   1.75106108     
   1.75106347     
   1.75105834     
   1.75105751     
   1.70110655     
   1.70111370     
   1.71529627     
   1.71528375     
   1.72689760     
   1.72691524     
   2.09720731     
   1.67840934     
   1.67840648     
   1.73172808     
   1.73172617     
   1.76629448     
   1.83888900     
   1.83890343     
   1.76376295     
   1.76376641     
   1.58160353     
   1.58160460     
   1.83664668     
   1.83662963     
   1.72686839     
   1.72686803     
   1.61852038     
   1.72702837     
   1.72765589     
   2.09438181     
   1.67839265     
   1.67901027     
   1.73277211     
   1.83840525     
   1.76210237     
   1.76193178     
   1.58178663     
   1.58149159     
   1.83659482     
   1.83494043     
   1.72799468     
   1.72699916     
   1.61845851     
   1.68824530     
   1.68824494     
   1.98366988     
   1.98367643     
   1.48350608     
   1.48353159     
   1.48349643     
   1.48350394     
   1.53086972     
   1.53086817     
   1.53088117     
   1.53086889     
   1.61993217     
   1.61992586     
   1.61992002     
   1.61992693     
   1.72042131     
   1.72041380     
   1.61156142     
   1.61156368     
   1.61156988     
   1.61153817     
   1.68053555     
   1.68051875     
   1.95285892     
   1.89696908     
   1.48072219     
   1.48072922     
   1.52384949     
   1.52384901     
   1.53279078     
   1.53278840     
   1.49254346     
   1.49255395     
   1.63294256     
   1.63294053     
   1.60910904     
   1.60904455     
   1.72028875     
   1.72029638     
   1.66862583     
   1.66861844     
   1.56904614     
   1.56906736     
   1.68597662     
   1.68598032     
   1.98464441     
   1.98464561     
   1.48683560     
   1.48685193     
   1.48681903     
   1.48681903     
   1.53096306     
   1.53097129     
   1.53096330     
   1.53096926     
   1.61973512     
   1.61973536     
   1.61973846     
   1.61973774     
   1.72012556     
   1.72013354     
   1.61339903     
   1.61337972     
   1.61339521     
   1.61338794     
   1.68597329     
   1.68596292     
   1.98457980     
   1.98455119     
   1.48680437     
   1.48682356     
   1.48678756     
   1.48677707     
   1.53095269     
   1.53096139     
   1.53095222     
   1.53096437     
   1.61977768     
   1.61977136     
   1.61976135     
   1.61976063     
   1.72011542     
   1.72011411     
   1.61347485     
   1.61347342     
   1.61340344     
   1.61341572     
   1.60565901     
   1.60564864     
   1.60565388     
   1.60565495     
   1.60563958     
   1.60563862     
   1.60565209     
   1.60564613     
   1.60564303     
   1.60565925     
   1.60565186     
   1.60565317     
   1.62094235     
   1.62095511     
   1.62095785     
   1.62096012     
   1.62096190     
   1.62095773     
   1.88897824     
   1.88898313     
   1.92965221     
   1.92965317     
   1.88457608     
   1.88458085     
   1.88446891     
   1.88446891     
   1.93760455     
   1.93760109     
   1.93737686     
   1.93737411     
   2.07912135     
   1.64444387     
   1.64444888     
   1.64433134     
   1.64435530     
   1.56828678     
   1.56829178     
   1.56000435     
   1.56000865     
   1.55982685     
   1.55981326     
   1.45923924     
   1.45924366     
   1.68444490     
   1.68447781     
   1.60148132     
   1.60134983     
   1.60816681     
   1.60796607     
   1.60814333     
   1.70408690     
   1.70409369     
   1.70409083     
   1.64074802     
   1.64071977     
   1.64077592     
   1.59175241     
   1.59174681     
   1.59176016     
   1.69061041     
   1.69060898     
   1.69060934     
   1.82951272     
   1.82951021     
   1.82951331     
   1.58866787     
   1.58866620     
   1.58866239     
   1.72528934     
   1.53491867     
   1.53513384     
   1.48146844     
   1.48146546     
   1.78433168     
   1.54502571     
   1.54503250     
   1.61679173     
   1.61678934     
   1.67763615     
   1.67763627     
   1.67828083     
   1.67827713     
   1.74161839     
   1.74162257     
   1.66642737     
   1.66642785     
   1.53498888     
   1.53512692     
   1.48128092     
   1.48127210     
   1.78429759     
   1.54508102     
   1.54509389     
   1.61678267     
   1.61681890     
   1.67768800     
   1.67767167     
   1.67833519     
   1.67833650     
   1.74169958     
   1.74169302     
   1.66642189     
   1.66643667     
   1.72855699     
   1.72855687     
   1.72855210     
   1.72855628     
   1.77251732     
   1.77251661     
   1.77253640     
   1.77251875     
   1.55441129     
   1.55442572     
   1.57718885     
   1.70734537     
   1.70734179     
   1.70734048     
   1.70733666     
   1.72874439     
   1.72867560     
   1.72805274     
   1.72802532     
   1.77216852     
   1.77187562     
   1.77207053     
   1.77174437     
   1.55404925     
   1.55413496     
   1.57744980     
   1.70793712     
   1.70781243     
   1.70765436     
   1.70774364     
   1.72852814     
   1.72851443     
   1.72853029     
   1.72851825     
   1.77172744     
   1.77173793     
   1.77172804     
   1.77172852     
   1.55358684     
   1.55362368     
   1.57702029     
   1.70785451     
   1.70786095     
   1.70785606     
   1.70785010     
   1.72894788     
   1.72893763     
   1.72844970     
   1.72858047     
   1.77160573     
   1.77181315     
   1.77169192     
   1.77150643     
   1.55392563     
   1.55396485     
   1.57742834     
   1.70761669     
   1.70732176     
   1.70720983     
   1.70744717     
   1.79152894     
   1.79152620     
   1.79152620     
   1.79152620     
   1.94380760     
   1.94379854     
   1.94384336     
   1.94384325     
   1.93654096     
   1.93679726     
   1.68847251     
   1.86904955     
   1.86898589     
   1.67981529     
   1.76078677     
   1.76078737     
   1.69799685     
   1.69800937     
   1.42063200     
   2.05303025     
   1.76365817     
   1.76365674     
   1.63367665     
   1.76281464     
   1.76281178     
   1.63327718     
   1.64120889     
   1.64121187     
   1.64104581     
   1.64103782     
   1.64120638     
   1.64120984     
   1.73966110     
   2.29919815     
   2.29702783     
   1.66489017     
   1.66489089     
